H-Y H-9 H-U H-3 H-E H-L H-I H-K H-2 RR-Y9 RR-9U RR-U3 RR-3E RR-EL RR-LI RR-IK RR-KE RR-E2 RR-22 ID
864 1488 1248 1504 1376 992 1248 1728 1248 727 391 656 266 62 157 170 48 188 156 176
1264 960 1280 1280 1424 944 1280 1264 1272 1081 380 740 299 40 161 159 60 180 181 176
1248 1248 1248 2000 1296 1264 1248 1424 1248 922 250 453 380 58 156 167 52 187 172 176
1280 1280 1280 1920 1592 944 1280 1280 1280 540 360 340 340 39 181 160 59 181 180 176
1248 1392 752 1744 1496 1248 1248 1744 1480 797 719 593 360 93 282 687 78 502 170 176
1280 1280 1280 1904 1120 960 1264 1600 1280 1006 185 1694 259 80 149 160 40 159 180 176
1280 1280 1600 1600 1584 944 1280 1264 1272 947 209 324 408 40 155 154 80 199 150 176
1264 1104 1184 1440 1360 2384 2016 1936 1504 993 1066 578 262 331 47 261 113 444 151 206
1360 816 1248 1968 1232 2224 1856 1520 1672 1223 580 576 266 318 36 231 112 310 166 206
1344 1344 1184 1520 1344 1952 1856 1952 1480 1703 786 1632 501 277 69 170 115 1570 156 206
1184 1184 1360 1184 1608 2192 2096 1872 1440 2151 923 3084 473 290 69 192 156 1238 141 206
1344 1264 1472 1280 1288 2144 2032 1776 1520 2639 1438 2213 332 264 62 180 119 829 162 206
1360 1664 1264 1360 1488 1856 2032 2112 1488 1121 376 600 444 239 69 192 134 414 161 206
1248 1136 1280 1360 1344 2032 2288 1680 1568 802 503 334 422 269 69 193 149 301 161 206
1440 1344 1184 1776 1528 2544 2032 1856 1520 1929 299 564 429 409 53 438 160 458 159 206
1440 1008 944 1440 1696 2288 1952 1696 1528 846 848 603 1820 320 58 216 184 468 154 206
1104 1008 1344 1104 1512 2464 2032 1856 1480 1789 1293 668 226 329 58 234 164 661 168 206
1168 1104 1120 1440 1472 2288 1744 1776 1784 451 762 429 325 283 42 335 150 959 179 206
1344 1184 1264 1600 1520 2288 2032 1856 1480 640 846 344 279 262 53 260 144 398 171 206
1376 1264 1088 1344 1688 1872 1872 1936 1264 975 648 336 323 268 53 277 445 776 173 206
1344 1264 1520 1456 1520 2800 2368 2208 1608 652 782 509 226 304 47 311 152 512 152 206
1344 1104 1184 1264 1408 1936 2112 1936 1560 744 329 560 253 267 53 244 132 495 168 206
1360 1184 1344 1696 1392 1872 1952 2032 1736 1453 758 448 547 293 63 232 122 494 162 206
1312 1184 1184 1392 1312 2192 1792 1872 1344 522 1219 700 212 291 43 208 123 378 160 206
1360 1184 1104 1616 1480 2112 2096 1952 1696 2202 409 519 255 252 58 234 115 429 187 206
1344 1104 1024 1248 1432 2272 2032 1856 1560 591 227 847 225 259 48 248 134 724 156 206
1280 1200 1296 1104 1400 2224 2032 1872 1520 1182 476 299 240 247 41 227 133 648 162 206
1184 1184 1008 1184 1352 2512 1952 1504 1528 1068 547 274 459 268 39 212 122 416 160 206
1264 1104 1104 1360 1272 2272 2112 1856 1640 914 462 226 426 272 53 225 95 371 180 206
1216 1440 1344 1184 1272 2032 2320 1616 1272 684 492 241 270 214 78 181 127 328 176 206
1440 1264 1152 1536 1488 1696 1952 1760 1696 631 514 498 422 250 64 277 133 750 162 206
1520 1264 1680 1440 1400 2208 2448 1440 1528 1471 216 329 453 256 79 372 136 959 158 206
1184 1344 1440 1440 1392 1856 2032 1696 1480 675 367 354 451 255 53 292 121 402 134 206
1360 1344 1264 1344 1760 1648 1952 1440 1432 675 409 337 428 243 48 195 143 377 126 206
1264 1184 1184 1184 1312 2592 1856 1360 1480 788 515 1677 243 351 50 211 151 357 162 206
144 1184 1184 1328 1152 2032 2528 1792 1608 1261 782 820 277 279 63 240 120 673 178 206
1264 1200 1264 1264 1312 2448 1936 1520 1520 573 545 305 233 287 53 231 146 434 162 206
1184 1264 1344 1520 1304 1808 1776 1856 1432 996 242 448 246 274 41 283 117 419 495 206
1040 1184 1600 1440 1360 2288 2448 1776 1400 1218 188 1110 365 296 63 212 138 2070 159 206
1184 1296 1232 1344 1432 2448 2032 1504 1456 981 210 476 238 279 53 248 144 419 156 206
1344 1280 1264 1344 1208 2448 2128 1600 1568 918 248 417 254 267 48 218 118 377 161 206
1536 1168 1184 1360 1392 2848 2832 1696 1480 603 464 444 303 297 63 214 95 351 154 206
1504 1440 1280 1440 1472 2624 2272 1952 1528 559 856 704 223 314 68 265 145 688 153 206
1280 1344 1520 1600 3928 2512 1696 1776 1784 1384 312 681 313 309 63 212 431 159 194 206
1264 1184 1104 1440 1152 2384 2208 2688 1264 694 546 341 326 281 53 254 55 400 161 206
1440 1184 1264 1312 1304 2208 2464 1376 1440 1020 234 451 260 254 74 189 113 332 152 206
1264 1344 1104 1312 1320 1776 2144 1264 1352 974 264 500 815 235 65 193 113 374 141 206
1104 1360 1104 1264 1352 2128 2112 1616 1552 1112 408 361 238 284 47 255 113 324 199 206
1264 1280 1344 1776 1392 2448 1984 1440 1480 569 659 404 305 314 37 226 118 352 152 206
1184 1264 1280 1344 1440 2208 2016 1552 1344 717 597 460 216 292 42 221 133 552 127 206
992 1184 1184 1184 1280 2288 2192 1680 1440 891 484 1918 234 296 53 244 119 332 152 206
1360 2192 1776 1280 1488 2464 2032 1696 1392 2358 53 793 282 316 53 258 117 370 143 206
1440 1120 1264 1536 1568 2400 1872 1696 1400 1117 780 282 261 399 46 233 124 339 171 206
1056 848 1184 1184 1440 2624 1936 1872 1400 545 317 295 264 280 26 230 113 359 162 206
944 1200 1264 1184 1104 2384 1856 1440 1560 785 582 545 246 273 47 216 120 300 168 206
1280 1552 1440 1280 1184 2288 1776 1680 1496 1263 197 446 200 261 32 261 112 399 168 206
1392 960 912 1344 1264 2720 2112 1568 1232 750 235 315 259 280 42 224 111 303 151 206
1104 1280 1360 1536 1032 2720 2032 1360 1352 555 237 281 214 423 47 202 122 298 150 206
1008 1344 1440 1776 3152 352 1056 1696 1400 1017 185 407 417 24 50 233 74 504 161 206
1440 1264 1184 1264 1352 2288 2032 1856 1392 792 445 302 265 313 42 242 116 378 147 206
1360 1120 1200 1280 1264 2544 1952 1872 1584 634 368 277 231 294 37 263 141 366 141 206
1440 1184 1184 1264 1360 1936 2032 1360 1400 1022 231 356 212 271 37 209 149 296 162 206
1184 1360 1360 1440 1304 2032 1776 1264 1392 669 278 467 240 259 47 186 132 303 149 206
1104 1152 1392 1440 1352 2544 2112 1440 1352 489 1194 346 256 308 53 280 100 375 157 206
1696 1600 1376 1408 1512 2960 2528 1616 1520 1451 2501 549 214 357 47 217 132 455 175 206
1360 1456 1168 1344 1392 2624 2112 1536 1608 996 195 294 235 366 42 259 100 337 182 206
1280 1344 1184 1344 1472 2384 1856 1264 1520 528 331 326 246 397 47 316 154 320 189 206
1520 1200 1536 1680 1504 2864 1936 1344 1536 658 920 638 305 366 37 262 142 369 182 206
1104 1136 1104 1408 1424 2352 1776 1696 1512 635 356 737 266 363 32 261 154 381 166 206
1440 992 1072 1696 1312 2736 1920 1520 1488 557 537 369 222 338 46 246 149 376 169 206
1184 832 1184 1872 1576 2416 2416 1888 1856 605 568 557 219 352 75 247 145 434 219 206
1808 1120 1184 1184 1168 1168 864 1296 1096 1329 1493 1789 1659 1312 254 231 380 1703 177 177
3008 640 624 784 824 704 624 928 1048 1405 1125 1491 1925 1283 292 247 371 422 176 177
2384 720 624 704 816 704 624 1136 1040 1377 1729 1471 4023 1428 242 236 322 497 164 177
2528 704 720 704 744 784 704 704 1120 1184 1144 1351 307 1321 252 214 353 369 150 177
2304 704 848 640 752 544 848 1168 1128 2690 842 1217 615 949 268 237 300 323 163 177
2528 544 928 1008 824 848 704 1392 1120 1357 2167 2530 1560 1426 223 245 373 311 143 177
2624 848 928 864 968 1168 864 1008 1240 458 1953 704 2919 1311 233 225 373 412 146 177
2384 784 784 1008 848 848 784 928 1160 929 1270 1737 2280 644 222 202 362 369 140 177
2256 928 784 864 1048 1024 848 1152 968 1047 1284 1192 543 892 247 220 588 457 141 177
2240 928 928 800 968 928 768 1072 1008 699 2027 1892 419 1208 282 224 372 297 149 177
1184 1232 1488 1536 1600 1040 736 960 1456 770 1864 1868 714 1271 234 216 581 458 208 177
992 992 1120 816 1456 1296 784 1216 1928 1517 650 1651 1517 613 252 248 982 935 214 177
928 1248 1088 832 1560 976 1072 1424 1896 343 2223 585 1316 1300 317 214 383 1134 215 177
1408 1616 1312 1088 1232 1200 1280 1488 1248 1431 1151 2969 348 1267 283 249 368 301 167 177
1152 1232 816 1056 984 1328 944 944 1336 799 867 367 335 301 199 199 100 249 200 179
1552 1056 1136 1024 1168 1152 976 928 1512 383 653 501 248 134 217 183 100 215 180 179
1120 1344 1152 1408 1120 1152 976 1168 1184 868 682 416 302 182 217 184 134 264 152 179
896 976 1008 1344 1296 928 928 944 1240 310 506 1134 233 183 183 184 148 244 140 179
1328 896 1056 1408 1096 1216 1008 1184 1832 635 316 431 303 122 182 179 99 283 196 179
1456 880 1024 1232 1312 1056 960 960 1264 886 282 1000 483 285 200 200 181 319 198 179
1408 1184 1216 1072 1168 1136 1008 1200 1336 401 968 316 233 134 767 200 115 269 179 179
896 1184 1200 1104 1280 1440 976 1456 1200 716 324 1176 215 184 201 215 85 250 165 179
1200 1104 960 1008 1392 1392 1008 1184 1208 650 279 835 218 150 203 198 101 249 151 179
1664 1104 1712 1440 1544 1184 1184 960 1152 350 466 417 233 526 208 169 116 261 187 179
1792 1328 992 672 1160 1136 1200 1472 1448 333 300 421 767 149 199 201 115 234 181 179
944 960 1072 1568 1224 1136 976 1152 1080 781 286 379 286 165 202 182 117 251 181 179
1472 896 816 960 1312 1392 976 1184 1568 618 285 564 267 166 217 199 116 219 181 179
1808 1152 1200 1232 1200 1472 1200 1184 1400 887 466 734 315 217 216 184 116 168 179 179
1104 1344 1040 1184 1200 1136 912 1456 1432 647 252 418 349 134 182 200 82 218 164 179
1504 1104 1120 1232 1672 1040 1264 1168 1192 335 1182 234 547 120 251 182 116 218 165 179
1024 1232 1376 1600 1208 1088 944 1168 1208 750 915 382 251 118 184 182 118 315 134 179
1072 896 1008 1776 1352 1136 912 1328 1192 925 266 298 401 102 182 177 55 203 149 179
1392 1136 992 1392 1256 1152 1184 1136 1432 368 234 968 180 119 184 165 102 251 146 179
1136 896 1088 1296 1432 1168 1152 1184 1408 549 833 300 298 120 197 183 100 167 166 179
1504 1120 1376 1216 1272 1344 1008 1200 1552 852 383 498 233 116 203 184 99 217 149 179
944 1344 1280 1424 1032 1168 960 1408 1208 646 597 417 249 151 201 182 83 235 134 179
1200 1120 1008 1424 1456 1360 1184 928 1304 666 234 386 300 116 699 199 100 250 132 179
1264 1040 912 1152 1160 1280 944 1056 1392 863 253 343 340 139 188 180 91 201 139 179
1200 1088 912 1264 1024 1184 1072 1312 1328 703 318 310 312 306 214 198 124 273 197 179
1024 1056 1024 1312 1288 1072 1008 1200 1336 688 254 300 310 96 220 183 105 223 159 179
1088 1152 976 1328 1240 1072 992 1328 1400 742 262 235 300 103 209 188 61 226 147 179
1104 1136 960 1344 1256 1088 1056 1168 1192 1064 534 478 312 91 188 183 87 228 153 179
992 1248 976 1504 1488 1648 992 1440 1264 788 797 303 321 179 218 215 83 231 167 179
944 960 1152 1040 1224 1232 944 960 1200 435 916 267 850 233 184 200 131 235 148 179
1200 1152 1040 1168 1240 896 1040 1168 1088 368 816 167 367 134 299 401 131 270 148 179
1184 1360 1008 1248 1072 1376 864 1008 1064 871 234 250 234 148 242 291 135 234 149 179
1424 976 1040 1008 1304 1136 976 944 1192 719 299 266 351 133 201 199 124 260 164 179
992 816 976 1056 1248 896 1200 1088 1080 302 247 300 384 150 247 320 131 235 150 179
1408 1200 1264 1280 1072 1120 960 816 1168 701 251 282 255 129 200 192 107 247 154 179
1200 864 992 1136 1216 1104 944 928 1392 335 343 389 284 100 183 167 117 246 151 179
944 1040 1120 1200 1088 1104 960 1184 1072 299 650 215 285 116 201 199 100 233 150 179
976 1024 1056 1312 1168 1360 1216 944 1200 283 300 332 294 138 201 184 134 250 165 179
1088 1040 1008 1024 1296 1232 1104 928 1184 817 250 267 281 92 210 167 99 283 149 179
1360 928 960 1088 1336 1040 880 1168 1040 686 263 227 458 118 273 193 115 215 137 179
1072 1184 976 1264 1312 1136 976 1184 1328 355 238 173 376 133 201 183 99 215 151 179
1328 976 816 960 1168 848 960 1440 1016 311 261 246 233 100 201 199 99 206 144 179
1472 1312 1008 1136 1072 1088 976 1072 1288 301 251 242 300 100 202 182 84 216 148 179
1344 1056 992 1136 936 1360 928 1184 1216 819 234 165 267 101 183 183 84 223 158 179
1376 1008 976 1152 1536 1472 1104 1232 1240 769 295 405 389 201 193 202 116 273 158 179
1216 1104 976 1232 1216 1488 880 256 1184 334 342 257 334 233 211 178 144 313 168 179
1088 1216 1280 1072 1312 1504 1008 976 1224 640 408 442 291 250 219 217 232 278 161 179
1264 1088 1040 1312 1240 1584 1296 1184 1416 677 283 316 334 348 252 215 134 249 164 179
1040 1136 1216 944 1048 736 624 672 872 1167 960 260 993 162 122 128 139 276 143 197
944 864 1584 1232 1512 704 656 1184 1136 437 997 372 781 131 137 164 120 116 147 197
992 1584 1872 1520 1696 848 768 1184 1144 1010 879 208 518 332 140 173 174 152 163 197
848 928 1584 1584 1280 720 688 864 1032 904 902 471 330 231 144 158 148 161 189 197
1040 1328 1664 1552 1208 736 832 1248 1032 896 1034 282 766 91 155 169 72 164 160 197
800 688 1088 1296 1320 816 624 1296 1136 518 993 306 282 477 148 170 149 133 163 197
960 928 1936 1520 1432 1168 704 1072 1192 434 961 281 294 196 159 162 145 148 149 197
1168 960 1056 1152 1192 1296 560 1632 1608 915 718 284 552 301 144 205 156 193 201 197
1088 1296 1552 1760 1632 848 960 1712 1272 841 907 272 370 155 154 188 143 136 146 197
1392 1680 1312 1600 1352 800 448 1472 784 1025 1129 237 1000 821 141 191 179 151 158 197
848 1792 1584 1536 1480 1008 704 1440 928 865 672 1235 1163 161 144 195 172 483 157 197
1104 1120 1088 1392 936 944 704 1088 952 1282 453 1015 277 234 147 187 169 460 151 197
2048 1296 928 1840 1232 1104 736 1184 1072 701 1179 1064 433 232 131 163 240 428 138 197
3456 1920 1920 2816 2816 1920 1664 1664 1792 1504 648 1968 968 528 208 256 704 1016 224 180
1024 1024 1536 1008 1144 1296 1296 1552 896 1296 1248 1935 288 657 208 192 191 1281 192 180
896 1136 1136 1152 1152 1232 768 1152 1024 824 1392 601 695 232 192 208 289 551 193 178
1040 1776 1168 1328 1016 1264 1152 1008 1344 695 1665 426 797 192 216 192 248 529 191 178
1280 1408 1264 1280 1152 1152 1168 896 1016 1424 1255 2089 639 248 225 208 192 424 231 178
1136 1536 1408 1152 1040 1152 896 1024 896 1320 824 1192 1008 200 240 192 170 510 184 178
1152 1184 1152 1408 1024 1280 1024 896 1088 1082 2894 688 1008 200 264 208 184 280 128 178
1152 1264 1280 1056 1088 1152 896 1024 712 1703 912 530 1678 168 184 177 199 345 160 178
1280 1168 1264 1392 1096 1280 768 768 1080 777 1030 256 785 191 185 168 176 1776 176 178
1184 1008 1152 1408 1280 1264 896 896 1000 1662 2648 232 737 215 273 232 223 392 232 178
1408 1024 1392 1152 1152 1136 768 768 1160 816 912 400 744 136 168 160 136 449 160 178
1152 1280 1280 1136 1088 896 640 640 1024 1040 768 1312 328 136 184 160 152 720 176 178
1152 1312 912 1280 1088 1136 752 1024 1024 890 734 967 360 176 200 200 208 368 208 178
880 1296 1024 1024 1032 1056 640 928 824 913 2312 1039 881 161 191 209 158 792 152 178
1024 1024 1152 1024 1088 1280 1280 896 960 624 1528 184 544 144 296 264 192 216 184 178
1136 1136 1152 896 1080 896 768 1152 704 912 696 256 272 168 216 664 136 136 152 178
896 1280 1008 1136 888 2176 1152 1024 1160 793 839 832 344 336 64 216 136 273 183 178
1024 768 1280 1152 1088 1680 1648 896 1088 488 808 224 288 249 79 224 272 344 176 178
768 1024 1280 1264 824 1936 1408 880 912 1136 856 247 264 274 119 359 153 223 187 178
1040 1152 1408 1152 960 2672 1792 1152 1216 1215 2560 632 272 336 80 224 160 624 208 178
896 1392 1392 1264 1272 1280 640 1040 824 919 1480 352 584 208 248 241 184 295 168 178
880 1168 1152 1152 1208 2544 1648 512 1160 881 511 240 264 336 80 232 296 233 183 178
1536 1536 1152 1792 1528 1536 1152 1536 1472 744 1496 384 880 232 248 216 208 224 168 178
896 1152 1264 640 1016 2160 2048 896 1016 623 992 297 567 272 72 249 151 248 136 178
912 1152 1408 896 1216 1536 1152 896 1280 1231 968 240 408 440 304 256 232 248 200 178
912 1152 1280 1024 1152 1408 1152 896 1152 639 1336 320 824 240 200 233 191 328 168 178
768 1280 1408 1280 1408 1312 704 1152 1072 752 584 536 856 341 178 217 376 191 200 178
1024 1136 1312 1024 1408 1792 2048 1152 960 832 1242 174 336 256 104 232 176 168 176 178
1024 1280 1152 1040 1152 2176 1536 1152 896 864 880 865 343 344 56 280 184 216 176 178
896 1152 1408 1408 1152 1408 896 896 1208 1088 920 352 912 216 176 208 168 200 168 178
768 1152 1184 896 960 2304 1920 1024 768 1704 842 518 328 672 80 248 176 136 152 178
1408 1136 1264 1536 1096 1520 1280 1344 1400 1375 928 657 728 359 233 219 197 463 248 178
1024 1152 1024 1408 1344 1152 1024 1280 1152 968 584 1080 296 376 216 232 240 1192 176 178
768 1408 1280 1040 1032 1280 1024 896 896 1160 1472 753 320 175 208 184 193 863 344 178
1024 1152 1408 1136 1384 1008 896 1152 1032 984 592 231 225 463 241 200 237 123 192 178
1136 880 896 1024 432 32 32 32 832 488 2040 584 857 2 2 2 57 600 152 178
64 1024 1408 1152 1216 2208 1232 816 1024 963 552 280 296 754 78 240 184 192 160 178
608 512 1136 896 1016 2800 1392 912 704 936 1239 233 247 264 72 225 120 527 160 178
16 1008 896 896 1368 1936 1536 1280 904 1174 600 672 456 449 79 248 168 176 177 178
1408 1152 1008 1392 1536 2944 1408 1024 1208 848 487 656 513 496 64 216 184 176 159 178
912 64 1152 912 1216 2832 1680 1024 1096 791 415 266 246 385 88 247 184 344 217 178
64 1152 1520 1024 1312 2816 1408 1168 664 973 440 240 240 368 64 233 167 168 160 178
912 1152 1280 1408 1608 2816 1792 1536 1032 998 656 472 576 328 88 240 177 144 159 178
768 1024 1152 80 912 2656 2176 1152 1216 792 432 875 2 219 112 288 200 168 208 178
1296 1168 1264 1136 1912 3456 1664 1168 1088 457 854 200 256 360 80 209 224 72 167 178
1200 1024 1408 1024 808 48 32 1024 640 901 528 240 1174 4 7 159 224 232 183 178
928 1520 1536 896 848 3328 1968 384 1792 437 737 200 250 374 83 197 137 471 160 178
928 912 896 768 1152 2944 1408 896 1056 1079 1335 317 603 383 65 232 168 171 165 178
896 1152 1152 1040 1800 3072 1920 1152 896 1000 464 185 248 383 96 208 248 96 160 178
1040 768 1264 1152 1984 3456 2304 912 1192 495 1112 304 592 360 104 233 239 88 184 178
1360 1360 1024 1536 1784 1792 1520 1776 1152 969 357 1295 389 418 171 206 139 204 171 181
1360 1360 1616 1440 1832 2896 1856 1616 1184 937 362 917 320 410 47 167 122 184 139 181
1792 1664 1616 1536 1784 3312 1952 1808 1232 1854 570 378 644 310 53 211 121 389 135 181
1440 1616 1360 1360 1704 2544 1952 1872 1648 1255 652 442 473 318 48 185 101 204 132 181
1520 1024 944 1776 1400 2800 1856 1952 1496 1308 424 302 286 320 47 179 74 209 139 181
1456 1696 1184 1456 1832 3232 2128 1776 1360 804 347 461 331 458 48 979 1413 505 135 181
1696 1440 1952 2176 1824 2816 1968 1776 1528 987 662 262 177 365 27 177 106 195 163 181
1600 1616 1712 1696 1760 2896 2128 1856 1496 1097 239 501 203 356 32 181 99 136 152 181
1520 1360 1616 1696 1704 3648 2544 2192 1584 1304 419 453 396 400 16 197 106 324 194 181
1792 1600 1280 1456 1704 3056 2032 1792 1528 1046 817 184 195 313 43 180 106 162 163 181
1632 1616 1792 1616 1992 2592 1872 1792 1232 376 800 307 226 347 27 185 116 189 143 181
2032 1536 1440 1616 1784 2688 2176 1792 1528 891 521 322 236 289 42 182 117 209 167 181
1872 1456 1440 1712 1616 2384 2128 1616 1536 881 340 470 227 265 42 174 117 224 136 181
1696 1200 1264 1440 1576 2896 1792 2032 1480 1034 272 291 194 369 43 188 85 161 159 181
1376 1520 1280 1536 1776 2720 1952 1952 1368 888 524 360 264 323 32 177 122 167 146 181
1536 1280 1280 1600 1528 2624 2112 1696 1448 889 682 277 194 233 53 170 95 172 144 181
1520 1440 1520 1616 1648 2720 1600 1712 1496 2036 528 312 253 307 5 745 84 200 157 181
1616 1440 1440 1280 1328 2560 1600 1696 1656 935 1030 169 185 279 15 195 75 191 151 181
1616 1616 1360 1264 1448 3152 2128 1952 1528 1274 1263 380 344 332 48 184 70 212 143 181
2128 1456 1360 1696 1656 2384 1872 1696 1488 848 240 664 253 244 37 184 69 173 153 181
1360 1520 1008 1328 1576 2384 1952 1712 1528 406 1008 378 187 185 42 179 85 158 132 181
1440 1888 1440 1360 1656 2384 1952 1712 1408 1414 180 341 246 460 26 177 74 158 140 181
1280 1536 1664 1616 1528 2384 1792 1792 1400 505 1013 126 153 225 37 182 85 163 124 181
1440 1856 1360 1184 1816 2640 2208 1952 1496 663 1006 868 459 235 37 179 99 166 143 181
1280 1360 1696 1520 1440 2464 1952 1792 1280 855 295 803 316 251 48 193 69 191 139 181
1456 1440 1360 928 1448 2816 1696 1536 1624 840 1170 118 185 248 42 182 355 477 167 181
1360 1280 1552 1440 1576 2848 1440 1520 1648 360 356 177 178 249 11 177 118 169 158 181
1360 1184 1360 1440 1664 2288 1792 1536 1768 2516 228 419 189 240 38 174 101 192 129 181
1536 1376 1456 848 1536 2464 1536 1536 1448 289 210 361 812 355 32 190 96 203 154 181
1536 1360 1456 1264 1280 2528 1568 1792 1408 360 191 391 192 247 9 176 74 158 146 181
1280 1280 1200 1280 1656 2304 1888 1536 1448 613 781 409 206 250 22 166 80 127 156 181
1360 1536 1520 1440 1488 2640 1360 1200 1472 1282 192 259 258 249 16 167 111 175 128 181
1360 1456 1616 1536 1832 2864 2048 1536 1408 1119 194 477 222 460 54 168 90 157 147 181
1456 1792 1856 1520 1448 2432 1664 1024 1232 866 357 400 231 231 32 151 101 329 131 181
1376 1280 1264 1440 1624 2688 1744 1696 1616 355 235 307 192 572 26 168 102 158 141 181
1616 1264 1360 1536 1312 2304 1792 1632 1520 341 241 225 199 303 26 180 73 166 145 181
1600 1648 1904 1376 1416 2704 1872 1712 1392 341 1005 845 209 382 33 201 94 173 182 181
1312 1568 1248 1312 1496 3392 2000 2032 1288 583 1084 283 199 294 31 197 73 157 161 181
1776 1408 1376 1456 1360 3024 1888 1984 1632 1068 233 300 197 221 48 174 62 199 166 181
1776 1696 1248 1664 1480 3008 2352 1584 1784 351 249 216 201 383 64 182 70 212 138 181
1600 1536 1360 1792 1888 2944 2096 1584 1520 501 230 294 191 420 31 184 147 383 136 181
1200 1696 1712 1280 1456 3152 2592 1360 1144 373 294 304 190 288 56 134 107 173 161 181
1200 1696 1456 1200 1536 3104 1840 1520 1144 448 236 185 385 393 22 188 86 190 159 181
1264 1440 1440 1280 1664 2800 1952 1872 1272 417 222 191 247 341 37 195 59 182 156 181
1696 1440 1536 1184 1616 2896 2032 1872 1104 259 214 159 199 250 42 180 63 148 541 181
1456 1280 1280 1184 1568 3024 2000 1776 1456 343 285 259 219 287 16 186 80 175 153 181
1184 1184 1424 1200 1496 2128 2208 1968 1448 345 203 123 196 202 74 182 64 171 139 181
928 1776 1328 1104 1488 2720 2208 1280 1368 639 204 177 201 261 21 161 117 164 142 181
1360 1008 1376 1616 1824 2896 2288 1712 1440 402 282 235 238 312 31 181 79 175 152 181
1616 1456 1440 1280 1536 2288 1696 1616 1536 454 188 126 202 203 48 178 58 161 139 181
1536 1376 1520 1632 1960 2128 1792 1904 1664 738 1197 671 1095 671 1896 549 242 845 176 182
1056 1856 1008 1184 1040 1328 1152 1168 1008 890 759 452 1133 143 167 171 88 1004 124 185
1296 1280 1536 1280 1152 1280 768 1024 1152 1215 432 944 320 160 208 240 192 352 160 184
1824 2176 1904 2112 1664 1328 1696 1456 1872 417 918 366 673 47 184 200 133 284 215 188
1808 1408 1296 1872 1608 2560 2032 1600 1416 948 1126 348 457 304 245 204 204 257 160 187
2304 1584 2048 1376 1216 1696 1232 1520 1208 497 440 278 353 154 219 185 80 208 141 189
1264 1376 1376 1648 896 1344 1728 1072 1240 735 687 383 437 97 207 112 87 203 130 189
1568 1696 2672 1312 1256 1616 1216 1424 1072 1085 653 164 341 153 175 188 81 194 155 189
1344 1312 992 1216 1440 1488 1312 1488 1504 532 490 262 286 165 196 202 131 244 134 189
1088 1360 1424 1264 1024 1152 1168 1568 1328 741 589 92 264 145 157 176 37 182 134 189
1552 1680 1712 1296 1184 1456 1424 1744 1184 564 881 362 373 149 184 178 22 180 132 189
1152 1472 1200 1072 1224 896 1264 1472 1288 315 959 75 329 95 253 196 112 257 131 189
1568 1584 1824 1488 1480 1296 1168 1392 1424 513 1110 103 280 109 168 160 90 217 130 189
1552 1648 1952 2048 1528 2432 1872 1568 1872 2017 416 1250 518 603 63 233 114 871 180 191
1744 1568 1824 2112 2248 2976 1392 1888 1488 1183 631 534 366 423 31 232 149 153 349 191
1552 1680 1680 1888 1992 3024 2416 2256 1664 733 1219 447 582 677 106 230 106 182 167 191
1504 1536 1696 2048 1736 2784 1904 2064 1848 551 2032 264 302 466 69 213 103 216 195 191
1104 1376 1312 1504 1672 4416 1520 1696 1256 971 432 2699 933 376 284 215 212 4050 460 190
1696 1808 1136 1328 1056 1328 1408 1184 1192 1489 1802 335 1156 208 241 190 128 725 116 190
1568 1888 1488 1296 1336 1568 1328 1104 1360 1160 575 249 1014 176 213 179 120 277 151 190
1760 1456 1504 1344 1184 1328 1328 1040 1392 1727 339 1598 1320 110 223 195 165 265 158 190
1872 2288 1792 848 1464 1936 1216 1888 1280 674 1060 313 1130 220 227 208 111 1606 167 190
2080 2240 1936 2560 1800 2000 1376 2144 1648 1526 783 496 1349 218 395 253 186 1456 222 190
2304 2208 2016 2064 1808 2192 1536 2192 1504 1174 535 1487 1305 187 230 236 187 656 193 190
2112 1920 1728 2064 1632 1616 1376 1376 1720 879 1551 570 1017 157 200 192 165 519 177 190
2240 2016 1952 2064 1648 1600 1328 1744 1648 1764 611 3692 722 140 200 210 155 296 164 190
1968 2912 1952 1792 1664 1616 1792 1792 1576 2221 405 766 427 96 180 184 218 622 180 193
1792 2048 1712 1872 1752 1616 1712 1888 1456 760 508 2018 387 85 196 216 167 208 202 193
2144 2048 1696 2320 1656 1632 1696 1888 1448 703 935 611 581 129 175 210 204 184 167 193
2048 1872 1712 2128 1752 1616 1536 1696 1448 734 884 653 511 96 184 181 188 927 155 193
2224 2128 1600 2640 1712 1360 1616 1712 1656 907 796 408 524 123 202 188 403 302 218 193
1328 1408 1328 1344 1360 2880 2000 1984 1384 335 1718 720 202 393 55 247 97 356 176 194
1440 1280 880 1568 1368 3296 2176 2208 1464 1552 1083 607 1143 480 52 945 265 951 176 194
1296 1472 1776 1536 1504 4128 2352 1984 1416 1770 2233 726 574 389 55 244 138 564 188 194
1424 1248 1616 1360 1496 3504 2096 1888 1328 1129 715 1046 235 1073 30 237 168 666 185 194
1264 1280 1536 1440 1472 2752 1456 2208 1432 494 1035 347 255 303 30 288 155 593 197 194
1328 1312 1616 1424 1472 2736 1664 2192 1368 292 1021 209 684 271 46 243 112 328 186 194
1360 1600 1312 1440 1336 3408 2000 2560 1424 2373 154 825 231 397 71 254 500 255 190 194
1424 1520 1696 1296 1440 3600 1424 1648 1488 264 785 526 226 309 16 250 128 335 179 194
1504 1312 1344 1536 1488 2384 1552 1600 1184 979 1253 207 240 584 28 211 130 672 153 194
1632 1360 1360 1520 1584 2848 1664 2144 1280 330 265 605 349 238 41 255 132 734 170 194
1600 1168 1232 1472 1280 2928 1664 1824 1160 311 1356 879 240 304 30 236 103 473 150 194
1168 1360 1600 1376 1864 2992 1904 1664 1496 1203 1194 264 296 312 30 228 162 282 168 194
1472 1440 1216 1504 1560 2560 1808 1424 1728 543 918 351 288 221 75 208 140 711 182 194
1376 1312 1296 1552 1560 2032 2416 1680 1128 470 927 300 227 245 86 257 165 242 148 194
1616 1424 1536 1552 1320 2944 1904 1744 1584 347 817 211 280 278 41 224 160 245 195 194
1360 1328 1392 1280 1432 2800 1328 1664 1360 344 653 194 223 314 23 212 171 335 160 194
1424 1152 1184 1376 1384 1232 1264 1504 1304 365 526 446 250 397 183 205 134 243 164 194
1424 3312 2080 1424 1336 2576 1712 1936 1360 2073 56 680 454 418 42 225 118 352 186 194
1360 1376 1424 1264 1400 2832 1520 1600 1256 959 253 618 207 287 35 208 152 237 167 194
1120 1232 1216 1472 1512 2816 1456 1648 1520 544 303 402 245 329 38 214 127 391 188 194
1120 1312 1328 1344 1448 2752 1600 1440 1200 535 330 703 249 246 32 392 167 560 152 194
1296 1216 1408 1696 1648 2880 1872 1424 1624 1430 1955 282 265 269 44 214 173 1336 190 194
1232 1168 1088 1360 1424 2448 1600 2368 1368 409 804 256 278 227 35 254 165 263 166 194
1360 1168 1200 1312 1384 3072 1904 1744 1320 339 394 339 353 256 39 213 173 253 149 194
1424 1200 1232 1296 1608 2368 1792 1456 1320 241 910 276 258 249 56 206 172 428 185 194
1232 1312 1232 1280 1544 2672 1808 1456 1184 408 306 285 231 225 45 188 171 537 153 194
1248 1280 1120 1216 1568 2768 1712 1536 1344 471 249 440 222 227 33 210 193 311 189 194
1536 928 1280 1280 1408 1024 1008 1408 1024 858 1366 256 288 176 199 193 88 264 168 196
1536 1152 896 1152 1136 1280 1024 1280 1224 768 520 344 432 200 216 216 432 353 183 196
1408 1008 1152 1296 1432 1280 1296 1280 1144 2048 321 2000 1755 388 265 215 80 193 167 196
1664 1024 1168 1408 1472 1328 640 1408 1104 544 681 471 296 251 181 216 104 522 174 196
1328 1296 1024 1280 1280 1504 1024 1152 1104 758 719 968 408 295 193 192 104 194 174 196
1280 880 1408 1280 1248 1152 1040 1424 1152 720 537 768 416 215 193 208 82 222 167 196
1792 1040 768 1280 1120 944 928 1408 1024 665 599 456 688 155 175 182 33 135 168 196
1792 1152 1280 1152 1304 928 768 1328 824 696 392 392 256 170 165 204 79 174 176 196
1536 1536 1280 1280 1632 1152 1152 1280 1024 837 387 368 296 200 168 185 111 208 160 196
1488 1408 1152 1536 1144 864 896 1264 1152 1107 320 328 304 207 209 207 64 184 162 196
1520 1520 1520 1776 1592 1904 1408 1536 1336 1428 2164 96 848 1396 221 755 164 720 152 195
1776 1536 1536 2880 1528 1536 1136 1792 1600 1653 1756 1020 819 192 164 196 288 1328 160 195
1536 1664 1664 1536 1600 1664 1280 2048 1344 1420 1504 700 932 696 168 188 160 264 152 195
1648 1520 1392 1392 1464 1200 1408 2048 1264 636 1448 236 436 200 160 188 116 288 128 195
1648 1408 1312 1136 1920 2032 1408 1536 1464 500 1001 871 936 696 176 168 544 284 148 195
1584 1792 1392 1536 1552 1520 1536 1920 1352 601 1552 396 215 576 180 160 176 201 104 195
1904 1152 1520 1648 1528 1664 1152 1920 1408 2420 1404 240 364 196 156 172 141 183 144 195
1792 1536 1664 1664 1856 1552 1408 2048 1472 1045 644 1763 276 553 171 172 148 200 144 195
1536 1648 1408 1408 1664 1664 1152 1904 1688 588 1336 1076 179 185 172 179 206 931 156 195
1648 1648 672 1536 1536 1408 1472 1856 1568 508 692 337 239 200 168 172 164 180 168 195
2304 1408 1520 1536 1592 1520 1008 1904 1464 1516 612 200 328 199 164 172 128 173 135 195
1920 1792 2288 2416 1664 1904 1840 2048 1336 1908 2808 127 592 208 184 172 280 416 144 195
1728 1536 2048 1920 1472 1536 1024 1920 1536 680 1784 64 932 552 168 188 160 208 136 195
1664 1536 1408 1408 1336 1664 1184 1792 1048 560 512 312 391 189 176 172 172 208 136 195
1728 1680 1152 1744 1792 1696 1280 1712 2000 835 942 420 597 138 174 189 72 256 219 198
1472 1728 1728 1696 1440 1744 1136 1744 2040 987 1194 479 612 143 176 196 36 216 215 198
1232 1680 1152 1680 1416 1728 1152 1824 1728 1477 915 355 695 156 180 199 71 265 180 198
2208 2048 3408 2480 2120 3568 2688 2560 1496 1242 1210 706 542 207 37 231 90 955 210 201
2128 2208 2560 2144 2208 3152 2544 2560 1688 1486 1335 1290 489 154 53 233 122 838 191 201
2032 2544 2720 3072 1736 3488 2448 2560 2168 1351 887 1217 867 187 42 237 96 359 217 201
1440 1408 1424 2448 2248 1376 1360 1584 1808 1306 1085 1282 675 1752 183 198 108 927 187 202
1360 1600 1472 1744 1728 1392 1344 1168 1632 793 1377 1145 1125 418 167 168 83 750 151 202
1424 1600 1488 1936 1632 1440 1536 1792 1408 1099 1512 275 1443 818 196 178 97 564 161 202
1584 1344 1488 1984 1704 1264 1088 2256 1456 4334 341 2463 905 702 159 228 78 3042 160 202
1824 1632 1856 1600 1816 1456 1440 1904 2048 984 3654 215 1816 151 168 198 50 316 252 202
1360 1856 1856 1520 1528 1264 1376 1360 1272 1335 482 1083 2737 1032 185 184 157 938 141 202
1136 1328 1600 1952 1608 1344 1552 2288 1560 1918 1153 200 2425 304 197 193 27 613 143 202
1248 1360 1696 1760 1640 1600 1344 1920 1152 1917 260 2641 252 198 153 187 65 631 135 202
1104 1920 1424 1856 2016 1088 1232 1792 1792 617 1404 296 789 202 180 183 497 421 236 202
1488 1408 1504 1520 1664 1248 1184 2000 1424 1426 941 1244 1698 520 183 204 69 634 173 202
1184 1152 1168 1728 1704 1168 1168 1152 1720 832 927 1030 304 122 189 173 111 723 168 211
1200 1248 624 1696 1096 1120 1152 1744 1776 689 278 1059 238 937 183 201 71 883 171 211
1184 1696 1184 1696 1728 1152 1136 1168 1744 670 1435 973 803 267 180 148 128 280 191 211
1184 1104 1120 1728 1128 1600 1136 1168 1360 848 344 986 312 156 156 161 70 200 196 211
1216 1152 1248 1696 1432 1696 1152 1168 1640 818 379 1043 240 171 157 159 111 208 176 211
1200 1728 1696 1728 1128 1728 1152 1152 1704 892 415 1087 511 283 164 150 70 223 172 211
1200 1696 1168 1744 1472 1120 1168 1696 1472 748 259 968 237 145 180 184 74 293 205 211
592 1152 1184 1520 1272 1728 1248 1712 1448 1142 831 768 282 128 179 165 36 172 203 211
592 1840 1744 1712 1152 1696 1136 1712 1736 945 260 859 207 184 155 193 35 240 168 211
1152 1712 1120 1120 1120 1680 976 1728 1592 914 568 982 248 147 168 200 36 230 173 211
1184 1152 1136 1744 1432 1840 1152 1040 1720 781 319 995 347 176 156 181 142 281 174 211
1168 1472 1232 720 1152 1696 1168 1712 1424 837 299 872 219 212 168 192 35 200 200 211
1200 1168 1136 1744 1464 1712 1152 1728 1704 744 523 1307 236 187 151 196 36 212 175 211
1328 1152 1040 1680 1736 1664 1184 1120 1448 516 2225 395 971 683 183 172 116 208 200 211
1168 1152 1680 1696 1704 1104 1152 1136 1744 823 367 1131 227 104 196 157 106 304 176 211
1168 1152 1136 1120 1128 1696 1120 1152 1440 804 261 1015 364 155 156 157 71 180 188 211
1184 1728 1120 1152 1200 1696 1152 1696 1696 896 1182 284 703 172 154 194 73 257 196 211
1184 1264 1120 1520 1552 1744 1120 1152 1704 894 271 941 229 148 147 160 108 459 188 211
1152 1280 1136 1120 1456 1728 1120 1136 1440 1069 288 871 329 163 152 164 71 192 199 211
592 1168 1216 1168 1128 1696 1232 1168 1496 942 255 997 237 160 164 149 70 196 212 211
1184 1808 1152 1728 1112 1712 1104 1744 1448 1088 1142 990 192 287 184 205 70 173 175 211
1184 1680 1200 2192 1656 1088 1104 1712 1800 1020 384 757 312 231 172 193 73 239 155 211
1264 1696 1168 1728 1496 1696 1264 1136 1704 847 1039 730 295 140 172 144 108 227 199 211
1200 1136 672 1712 1432 1744 1136 1696 1416 1083 271 639 243 124 136 208 2 264 201 211
576 1152 1728 1152 1136 1184 1104 1776 1432 1069 428 854 232 138 177 208 36 203 200 211
576 2080 1392 1152 1120 1728 1120 1152 1704 1081 241 1850 277 188 144 172 72 211 167 211
608 880 1136 992 1200 832 1456 1696 1736 876 492 919 222 101 214 153 79 277 178 211
1184 1136 1728 1696 1440 1712 1680 1760 1736 913 363 899 279 168 199 175 33 456 187 211
1184 1168 1696 1712 1136 1136 1104 1728 1256 1332 303 631 280 139 184 188 71 355 208 211
1232 1152 1104 1728 1704 1728 1104 1136 1704 1409 858 395 264 163 164 177 107 216 179 211
1184 1184 1168 1712 1328 1392 1296 1728 1616 1022 437 852 204 116 168 198 53 259 191 211
1184 1120 1184 1728 1432 1776 1120 1824 1200 924 392 866 259 176 144 205 1 266 215 211
1248 1264 1200 1680 1520 1712 1136 1168 1656 933 676 406 288 136 151 189 1134 251 180 211
1168 1152 1120 1184 1440 1120 1136 1152 1432 455 938 368 334 204 216 168 131 911 192 211
1344 1136 1120 1696 1120 1184 1120 1728 1136 1098 367 1162 241 217 169 216 36 255 164 211
1184 1120 1184 1248 1200 1696 512 1120 1640 1117 404 786 326 192 143 177 107 243 248 211
1168 736 1168 1136 1144 1136 1136 1712 1424 875 311 1285 335 144 188 204 36 363 208 211
1328 1728 1120 1712 1400 1120 1136 1168 1424 1103 260 990 355 120 172 156 71 265 171 211
1216 1136 1120 1968 1432 1440 1104 1744 1584 986 295 720 770 235 160 224 731 360 178 211
1712 1136 1120 1120 1136 1712 1104 1728 1384 1773 755 455 384 255 160 209 70 876 195 211
1184 1152 1728 1680 1736 1168 1136 1808 1720 973 335 1038 272 140 192 196 71 248 184 211
1168 1136 1152 1952 1416 2336 1712 1680 1704 1871 871 332 395 551 239 197 71 623 192 211
1232 1152 1104 1744 1424 1120 1136 1168 1416 827 275 1503 619 148 200 163 140 263 204 211
1616 1120 1712 1712 1416 1168 1152 1712 1432 903 1230 379 665 182 183 185 35 239 220 211
576 480 1152 1648 1704 1120 1120 1136 1712 470 1682 554 251 140 203 153 107 319 180 211
1232 1728 1728 2272 1760 1696 1136 1152 1744 1165 299 1135 231 172 151 173 71 352 183 211
1216 1104 1744 1664 1712 1792 1120 1744 1416 839 364 1003 259 375 165 221 106 246 205 211
1728 1712 1728 1712 1720 1696 1200 1712 1440 971 1410 503 356 220 155 209 71 212 220 211
1712 1744 1680 1744 1432 1728 1248 1184 1680 1128 1133 428 236 203 184 157 122 288 195 211
1184 1728 1120 1680 1704 1712 1136 1696 1424 937 304 399 1342 563 163 188 112 236 131 211
1152 1136 1136 1712 1424 1696 1184 1760 1432 978 392 471 574 402 168 208 70 200 200 211
1712 1152 1728 1680 1448 1696 1168 1712 1760 999 316 830 236 176 156 192 36 263 188 211
1184 1104 928 1728 1424 1760 1120 1728 1424 860 320 731 224 140 156 199 36 427 208 211
576 1120 1120 1728 1432 1712 1152 1744 1408 535 1674 395 544 219 146 194 35 200 207 211
1152 1152 1200 1696 1408 1488 544 1152 1704 803 256 339 200 171 164 144 116 243 187 211
1152 1136 1264 1680 1432 1104 1120 1168 1392 1058 299 923 236 183 184 152 108 311 204 211
592 1744 1728 1712 1624 1584 752 1696 1336 1080 471 459 511 244 167 188 72 224 235 211
1248 1712 1728 1744 1680 816 752 1232 1448 869 263 731 263 164 214 179 103 199 204 211
1152 1200 1152 1712 1712 1168 1152 1152 1736 976 214 906 232 122 182 159 144 312 175 211
1184 1648 1104 1712 1392 1696 1168 1200 1736 1394 201 539 280 140 156 179 68 257 171 211
1152 1184 1712 1712 1720 1136 1120 1712 1424 804 298 858 280 252 176 196 71 204 212 211
608 1696 1728 1712 1712 1776 1152 1728 1440 1036 360 423 252 169 142 178 70 203 192 211
1184 1104 1136 1744 1160 1136 1184 1152 1712 1048 252 353 269 161 174 161 36 259 178 211
1216 1200 1136 1712 1416 1728 1152 1696 1416 703 919 379 711 276 156 183 35 241 207 211
1152 1184 1200 1552 1112 1680 1152 1696 1712 1065 395 1000 245 306 144 192 71 272 184 211
1200 1696 1744 1808 1712 1712 1104 1152 1440 1088 279 879 244 139 148 164 71 229 223 211
1520 1296 768 1024 1152 1280 1024 1024 896 81 1311 96 320 80 160 144 128 257 143 210
1024 2048 1536 1024 1160 1280 752 1040 1024 1776 64 640 288 128 159 145 128 288 160 210
2064 1040 1024 1280 1024 1024 1024 1008 1152 928 159 1280 416 96 144 144 97 223 144 210
1008 1008 1024 1280 1160 1008 784 768 1008 128 1105 112 1424 63 145 143 113 223 128 210
1280 752 1008 1280 904 1280 1040 1040 896 719 1168 128 193 143 1441 160 63 224 144 210
1552 1264 1024 1024 1016 1280 1040 1280 1152 2879 208 144 288 160 144 160 95 208 144 210
1280 768 1008 1040 1144 1024 512 1008 1152 511 1952 273 479 97 128 159 80 241 144 210
1024 1280 1280 1024 1144 1520 1024 1040 1160 176 1088 432 688 111 177 144 95 193 143 210
16 512 16 240 1024 752 1040 1008 1152 313 80 26 4016 64 161 143 97 223 144 210
1024 768 1024 1040 1032 1040 768 1280 896 208 992 80 496 48 143 177 64 175 129 210
1040 1280 1008 768 888 1024 768 1024 768 160 943 96 992 32 144 144 48 208 128 210
1280 1024 1024 1024 1032 1024 784 768 768 304 992 112 208 64 144 144 64 528 144 210
1280 1024 1024 1264 1024 512 1024 1024 768 192 1024 80 1008 32 160 128 48 192 144 210
1152 1360 1232 1280 1256 1376 784 1168 1168 241 1114 80 832 86 142 151 77 363 189 210
1696 1504 1296 1136 1704 1536 1200 1376 1176 547 1068 118 357 96 154 164 137 499 163 210
1456 1552 1216 1136 1216 1712 560 1280 968 128 1201 165 225 138 144 178 99 235 160 210
1136 1088 1328 1392 1304 1376 928 1168 1312 208 1029 87 719 86 151 160 159 304 162 210
1120 1472 1184 944 1328 1056 1248 1088 1032 124 952 90 271 66 156 146 72 252 169 210
1920 1600 1136 1504 1152 1152 976 1168 1112 193 1017 141 317 72 154 173 94 177 128 210
1344 1040 944 1680 1368 1232 848 1232 944 112 1033 146 212 77 131 155 99 188 134 210
1408 1168 848 1248 976 1072 1200 1088 1208 511 1018 1363 249 82 169 146 107 212 141 210
1424 1120 1392 816 1240 1424 1328 1248 1304 956 1081 129 352 89 176 156 115 198 155 210
1472 1392 1552 1104 968 1600 1200 1328 1168 1080 904 85 586 101 169 177 89 210 139 210
1632 1856 1280 1088 1088 1200 1088 1200 1192 1916 40 1138 224 75 146 153 99 204 147 210
1408 1536 1392 1264 1264 960 800 1248 1320 1436 57 1147 181 60 175 163 118 185 159 210
1696 960 1376 1024 1120 1344 1008 928 1168 1232 180 962 502 84 142 136 123 872 139 210
1280 1184 672 1408 1376 1248 1376 1280 1256 168 1025 247 244 93 164 142 115 230 152 210
1264 1600 1232 1360 952 960 1072 1712 1176 116 2925 147 290 60 145 186 64 220 148 210
1312 1376 1360 1184 1112 1072 976 960 1216 117 1043 90 726 51 139 177 130 200 149 210
1136 1776 1504 1168 1304 1184 992 1184 792 158 1036 104 239 74 140 173 95 165 142 210
1680 1792 1456 1552 1224 1680 1312 1280 1312 143 925 113 806 105 176 993 101 258 157 210
1440 1824 1328 1216 1136 832 992 1152 1056 192 999 123 1392 52 172 150 125 192 152 210
1264 1360 800 832 1168 912 1008 1440 1120 117 981 103 950 57 157 158 79 197 152 210
1072 1456 1056 1200 1184 1488 928 816 1024 138 1630 137 248 93 185 129 104 177 139 210
1152 1280 1408 1488 1392 1232 1120 800 1344 111 905 108 434 77 164 144 131 216 197 210
1552 1184 1056 1152 896 1952 816 1056 1336 120 909 88 769 122 161 151 103 203 177 210
896 1344 1312 1136 1240 832 1248 1376 1184 131 983 86 685 52 174 164 74 196 155 210
1152 1248 1184 1312 1288 1632 1312 1200 1264 94 965 129 285 117 160 153 95 203 145 210
1472 1328 1328 896 1096 1408 1360 1264 1088 83 1073 87 506 73 163 157 101 205 133 210
1136 976 800 848 960 1232 896 1264 792 513 1450 83 827 77 146 170 47 200 140 210
1136 1280 944 912 1072 1072 832 1168 1032 100 1390 650 193 67 153 153 112 256 142 210
1504 1376 1168 1104 1064 1184 944 1376 1016 730 1160 140 707 74 149 157 70 184 133 210
1312 1328 1056 848 1400 960 960 1312 1000 83 814 73 920 0 140 153 54 183 143 210
1712 928 1280 1104 1088 1136 896 1104 1000 149 1571 69 560 71 146 150 102 172 143 210
1440 1456 816 848 1128 1232 880 1184 952 91 829 83 427 77 146 134 115 168 143 210
1232 1344 944 1120 1072 768 848 1168 784 84 996 70 594 48 138 143 87 169 128 210
1120 1264 1072 672 888 1280 1040 1168 920 159 1158 83 848 89 146 143 74 174 142 210
1696 1392 912 1168 944 1376 896 1216 1064 87 1130 103 224 86 146 144 64 184 142 210
1552 1712 1008 1120 1096 1232 784 1024 1032 127 1250 110 183 77 140 128 95 161 132 210
1280 1024 1008 1536 1280 1280 768 1280 896 1248 1551 1376 416 560 480 208 128 976 144 208
1024 1024 1024 1024 1536 1280 1024 1280 768 1040 2576 368 1552 256 160 160 80 1344 160 208
1024 1024 1024 1280 1272 1040 1280 1296 768 1152 1040 1584 1119 177 207 209 159 1632 144 208
1024 1024 1024 1280 1664 768 512 1024 1152 1280 1664 480 1360 176 160 176 128 1120 176 208
1280 768 1280 1536 1280 1024 768 1024 896 1600 1984 384 1120 256 176 176 112 800 160 208
1008 1024 1280 1536 1664 1024 768 1280 768 1473 1263 1856 1248 192 176 176 144 784 160 208
1280 768 1280 1536 1408 1264 768 1552 1144 1392 1648 1200 496 239 161 192 112 639 160 208
1280 1280 1280 1536 1400 1024 768 1280 1280 1456 1152 720 1024 208 160 176 80 784 144 208
1024 1280 1024 1280 1272 1024 768 1024 1024 1424 1392 496 1168 224 176 176 96 544 160 208
1024 1024 512 1536 1408 1024 768 1024 768 1680 1488 1264 992 336 176 176 80 736 160 208
1792 1280 1264 1536 1280 1280 1280 1280 1144 1008 1727 481 2063 304 849 208 223 2336 160 199
1280 1264 1280 1536 1408 1536 1536 1280 1280 1856 496 2416 640 176 240 192 208 1424 176 199
1280 1280 1280 1536 1008 1536 1024 1536 888 960 2303 352 1152 192 176 192 112 528 144 199
1280 1280 1296 1264 1272 1280 1280 1280 1024 1008 1136 591 960 145 176 160 128 912 160 199
1296 1280 1472 1280 1144 1536 1296 2048 1024 1568 607 1120 800 160 161 223 80 1648 144 199
1280 1296 1024 1536 1152 1280 1264 2048 1024 560 1792 192 960 112 207 208 65 464 144 199
1280 1808 1536 1008 912 1040 1024 1280 1024 1472 784 943 1697 112 704 176 80 1008 143 199
1040 1040 1280 1040 1008 1280 1536 1008 1400 1376 287 1601 927 176 192 144 80 864 160 199
1296 1264 1008 1536 1144 1024 1552 1536 1280 1279 1568 1552 305 143 193 159 64 496 160 199
1296 1264 1520 1280 1160 768 1040 1536 1152 1919 208 656 689 144 1248 208 80 255 176 199
1280 1280 1280 1280 1144 1280 1008 1280 1280 1632 1824 240 495 145 191 193 128 879 161 199
1280 1520 1520 1296 1144 1520 1008 1280 1152 1439 2240 1041 559 160 176 176 112 1136 128 199
1040 1280 1552 1536 1152 1280 1264 1536 1288 1199 593 1519 480 144 192 176 80 896 160 199
1280 1536 1536 1536 1280 1536 1040 1296 1408 1408 240 2144 464 144 192 176 112 864 160 199
1024 1296 1280 1008 1024 1552 1008 1008 1408 1457 1488 111 992 353 159 160 97 1760 111 199
1520 1264 1280 1536 1152 1536 1280 2048 1296 1568 1152 992 832 128 176 208 80 1424 160 199
1024 1264 1552 1280 1144 1280 1280 1280 1024 1439 337 1647 464 128 193 160 63 1792 160 199
1280 1280 1296 1536 1024 1280 1040 1536 1152 2016 1729 223 800 160 176 192 96 1568 144 199
1280 1536 1552 1280 1136 1520 1264 1024 1416 2336 2368 800 575 192 192 160 64 1632 145 199
768 1008 1280 1280 1152 1536 1024 1536 1280 1088 368 1616 480 160 176 192 80 1008 144 199
1280 1024 1280 1280 1272 1536 1024 1536 1912 1408 960 864 528 128 160 192 79 1456 177 199
1280 1296 1520 1264 1144 512 1024 1280 1024 1216 335 768 1248 112 1632 208 464 656 272 199
1024 1024 1280 1536 1144 1280 1040 1280 1152 1456 1216 400 1200 128 176 160 63 785 144 199
1024 1280 1536 1792 1536 1280 1280 1536 1800 1696 304 2128 352 112 192 176 64 1104 208 199
1280 1280 1280 1808 1016 1552 1280 1280 1400 672 1504 384 767 193 175 176 65 544 175 199
1280 1280 1536 1024 1528 1280 1536 1536 1280 1456 1248 528 720 128 208 176 112 1184 160 199
1280 1280 1536 1520 1280 1520 1280 1536 1680 1231 289 1503 432 192 176 176 112 817 176 199
1280 1520 1280 1808 1144 1280 1008 1280 1280 1887 256 609 1887 128 176 177 111 1008 129 199
1280 1280 1776 1520 1280 1280 1264 1792 1656 1263 384 448 1409 95 176 192 33 1279 160 199
1280 1264 1280 1280 1280 1280 1008 1536 1152 1136 257 1359 544 128 160 176 80 1184 144 199
768 1280 1280 1280 1160 1280 1280 1792 1280 1504 2240 383 1249 175 193 192 80 1360 160 199
1552 1520 1520 1296 1288 1280 1024 1280 1280 2095 256 1281 544 143 160 160 96 1168 145 199
1008 1280 1536 1552 1400 1280 1280 1552 1288 2336 321 1744 1055 160 176 193 95 1008 145 199
1008 1040 1024 1264 1152 1280 1008 1264 1024 1489 2431 192 881 143 176 176 128 1024 128 199
1024 1280 1536 1536 1408 1536 1024 2048 1152 2161 1199 240 1057 175 176 208 96 416 144 199
1008 1280 1280 1280 1280 1280 1280 1296 1144 1393 416 1840 1535 129 191 161 400 735 145 199
1008 1264 1280 1520 1280 1024 1040 1280 1024 1760 784 1152 352 128 177 159 112 784 160 199
1024 1024 1280 1264 1408 1280 1280 1792 1152 1200 240 512 2064 111 177 176 80 752 160 199
1008 1040 1280 1280 1152 1792 1024 1792 1280 1265 752 3632 1903 160 192 208 80 768 176 199
1040 1280 1296 1280 1280 1280 1024 1792 1272 1328 368 1296 479 128 176 192 80 976 160 199
1264 1280 1280 1280 1280 1024 1280 1280 1280 1841 239 2736 496 128 192 2560 111 1025 143 199
1280 1536 1536 768 1144 512 1040 1536 1152 1872 1680 7919 1408 128 2321 239 112 480 160 199
1296 1280 1296 1280 1280 1024 1024 1296 1288 1455 273 1423 288 144 176 177 95 2160 161 199
1008 1808 1280 1280 1272 1280 1008 1536 1664 1441 271 1280 368 144 160 176 80 1056 144 199
1280 1280 1280 1280 1264 1280 1536 1792 1536 1359 320 1376 1568 128 192 176 96 1072 160 199
784 1008 1040 1536 1144 1280 1280 2048 1280 1807 193 1023 929 95 176 193 63 816 144 199
1440 1552 1776 1536 1296 1184 880 1312 1424 758 890 183 290 184 248 143 41 311 168 212
1648 1008 1552 1840 1392 1104 896 1312 1288 797 267 977 264 165 162 178 35 156 163 212
1856 2512 1680 1664 1296 1744 1392 736 1336 381 258 232 328 166 178 191 64 190 172 212
1536 1936 1776 1904 1656 1568 1088 1344 1360 824 374 416 402 143 165 181 51 276 166 212
1744 1840 1728 1664 1464 1152 800 1456 1352 411 320 324 292 128 152 184 36 203 161 212
1536 1856 1888 1664 1280 992 896 1520 1184 395 530 881 337 117 163 192 23 178 152 212
1504 2592 1552 1536 1456 1056 912 1584 1480 1141 182 520 301 91 150 193 1 207 188 212
1648 1296 1440 1264 1424 880 672 1392 1280 801 250 333 298 110 170 186 24 163 161 212
2112 1760 1776 1488 1360 1152 944 1712 1296 1193 840 168 211 87 152 193 0 157 154 212
1344 1472 1456 1472 1280 864 1072 1136 792 488 655 917 647 93 156 167 33 184 152 212
1616 1536 1136 1472 1288 1008 1456 1152 1064 528 333 590 253 159 196 148 48 182 153 212
1424 1536 1616 1664 1152 1328 1216 1024 1336 1243 676 250 409 120 161 175 47 569 157 212
1376 1520 1952 1552 808 1152 1184 720 1264 1102 371 208 249 144 160 179 21 220 167 212
1920 1744 1648 1856 1328 880 1040 1440 496 768 290 352 337 94 161 177 14 201 116 212
1664 1536 1456 1376 1400 1024 848 1280 1288 583 441 747 244 104 150 178 28 160 164 212
928 1872 1776 1312 368 1008 768 2288 896 358 409 250 306 84 153 232 6 90 160 212
1808 1568 1408 1520 1344 1088 1216 1168 1192 624 238 286 219 485 181 168 39 168 136 212
1664 1360 1824 1552 1448 896 864 1472 1384 432 779 192 296 96 157 187 46 258 156 212
1664 1744 1472 1776 1064 864 912 1312 1224 996 268 638 250 199 161 185 29 842 168 212
1872 1536 1920 1440 1200 32 496 1376 1368 600 532 270 229 299 90 171 78 227 160 212
1344 1472 1264 1184 1376 1616 1376 1440 1152 669 583 256 320 324 201 204 53 192 161 212
1360 1440 1680 1696 1312 1136 1168 1152 1416 474 246 266 429 131 158 253 1 204 164 212
1360 1632 1488 1328 1304 1344 1040 1408 1136 338 301 327 229 172 156 176 12 139 152 212
1504 1616 1504 1456 1424 1056 1008 1328 1344 472 280 480 265 201 157 195 32 271 161 212
1456 880 1792 1664 1480 1216 1072 1408 1352 584 465 244 451 116 164 199 119 466 165 212
1424 1376 1504 1632 1400 864 736 1200 1232 415 297 384 306 125 155 168 47 169 149 212
1360 1680 1648 1552 1400 1152 912 1312 1312 611 333 444 220 195 151 177 49 168 150 212
1456 1488 1280 1856 1416 896 1168 1312 1216 392 241 400 466 97 160 169 39 162 155 212
1536 1440 1072 1792 1696 1424 1088 1296 1248 511 788 332 549 131 171 173 63 233 149 212
1392 1520 1200 1616 1440 1168 1024 1584 1192 1360 425 254 314 153 151 168 22 166 156 212
1616 1488 1984 1696 1688 1536 1328 1376 1656 530 280 300 590 133 186 189 60 200 165 212
1536 1280 1600 2576 1520 1360 1296 1392 1496 465 261 641 193 169 176 175 40 2385 160 212
1376 1728 1760 1168 1320 1072 1040 1280 1256 417 510 466 318 134 172 176 38 210 152 212
1440 1648 1584 1520 1360 1008 1056 1408 1296 362 249 270 215 131 160 168 36 163 157 212
1680 1408 1808 1472 1568 1088 1120 1536 1328 553 296 532 274 215 175 189 30 229 160 212
1504 1520 1504 1648 1416 1296 1232 1472 1672 353 277 324 334 250 166 189 49 168 165 212
736 608 1296 1616 1408 1568 944 1248 1152 1385 2011 1184 2018 1117 516 250 680 1256 165 212
3424 1536 1536 1472 1504 1168 1024 1456 1456 172 375 241 279 121 148 180 30 154 171 212
1408 1040 16 1360 1408 1152 896 1584 1432 375 266 612 431 147 153 176 36 162 154 212
960 1376 1168 1232 1312 1312 1072 1136 1296 1684 1434 849 1296 1370 236 263 333 1400 170 212
1408 1616 1552 1392 1184 1200 1648 2176 1448 1476 443 328 593 124 180 183 0 150 155 212
2400 1408 1472 1472 1640 944 1120 1488 1784 574 285 251 678 98 156 185 35 206 96 212
1216 1296 1920 2336 1368 1824 1504 1456 1144 1984 1698 594 637 389 280 239 363 1057 182 212
1632 1920 1664 1488 3144 1504 1008 5312 720 386 305 246 296 158 131 417 0 5 115 212
1136 1008 1136 1280 1280 1872 1088 1616 1280 4119 491 1710 380 240 186 214 155 404 181 212
1072 992 1280 1600 1392 1200 1136 1584 1360 1990 271 1840 540 220 226 213 197 303 190 212
1888 1024 1488 1616 1336 1184 1040 1408 1352 873 263 198 265 99 144 160 30 177 152 212
1520 1456 1440 1520 1496 1104 880 1280 1336 417 270 282 280 85 152 163 48 149 155 212
1280 1184 1184 1040 1240 1520 992 1360 1624 1692 1468 841 750 204 195 218 143 326 175 212
1248 1200 1456 1280 1344 976 1024 1440 1240 431 335 230 227 196 147 164 33 419 174 212
1328 1312 1408 1344 1368 736 944 1280 1256 347 1150 143 285 93 166 153 31 249 133 212
1376 1392 1680 1632 1184 1360 992 1568 1272 345 287 285 356 213 151 187 29 134 149 212
1296 1584 1200 1328 1400 976 832 1392 1208 350 291 306 323 134 141 191 29 170 134 212
1600 1936 1632 1472 1488 1312 1104 1616 1472 394 306 417 275 200 150 185 31 159 157 212
1360 1712 1616 1344 1192 1184 992 1168 1272 342 284 271 219 162 150 155 30 149 152 212
1408 1488 1600 1360 1312 1296 928 1488 1216 1151 280 252 209 148 146 174 28 436 138 212
1344 1648 1600 1584 1344 1136 736 1328 1408 387 263 601 233 138 147 187 48 163 149 212
1840 2000 1536 1040 1200 1088 896 1424 1368 410 265 575 281 135 151 177 32 140 156 212
1344 1424 1392 1408 1288 1344 1056 1280 1216 384 250 333 201 133 145 167 49 140 152 212
1520 1616 960 1568 1224 1072 1008 1376 1032 587 515 492 223 152 153 169 31 132 152 212
1552 1744 1296 1280 1312 1008 880 1616 1448 295 275 934 218 134 134 179 20 132 152 212
1216 1632 1152 1392 1496 1600 1072 1520 1168 951 525 257 226 316 202 199 48 153 164 212
1552 1408 1344 1344 1288 1136 1088 1344 1208 484 269 289 204 174 166 216 61 303 155 212
1344 1472 1616 1392 1128 1248 1200 1248 1336 607 324 850 245 198 159 167 18 160 124 212
1328 1152 1376 1536 1328 1104 1168 1280 1176 549 352 267 216 161 173 175 47 129 148 212
1648 1296 1424 1872 1280 1216 1024 1568 1160 179 340 234 308 177 150 181 20 131 134 212
1200 1136 2016 1600 1296 1104 1008 1264 1432 647 312 454 617 184 150 167 32 139 146 212
1008 1360 1632 1600 1424 1184 992 1472 1608 583 322 701 212 117 153 170 30 261 154 212
1456 1200 1296 1536 1448 1376 864 1392 1336 402 285 304 210 133 143 170 46 125 140 212
1104 1312 1344 1360 1408 1280 1008 1456 1352 597 651 454 231 149 184 179 21 153 147 212
1504 1376 1712 1200 1400 1200 1344 1696 1264 582 482 835 329 222 182 184 35 2017 151 212
1376 1120 1616 1424 1256 1120 720 1568 1168 678 339 377 296 205 143 186 29 134 165 212
1408 1232 1184 1344 1320 1216 1168 1600 1216 417 284 363 200 92 148 164 18 134 144 212
1424 1328 1664 1360 1128 1136 1296 1456 1224 556 572 574 254 149 196 179 40 136 146 212
1392 1392 1360 1280 1400 1376 1120 1488 1256 495 420 330 218 117 150 177 38 119 151 212
1616 1536 1472 1600 1328 944 1104 1264 1504 439 300 460 204 121 151 173 32 135 142 212
1584 1328 1536 1600 1680 1120 672 1472 1224 714 370 215 257 70 140 174 48 111 150 212
1408 1344 1264 1440 1304 1296 864 1232 992 397 432 184 216 149 152 171 31 133 134 212
1216 1360 1344 1632 1368 1120 1104 1552 1232 634 289 472 385 119 150 181 55 132 149 212
1424 1376 1344 1584 1456 1040 1104 1280 1256 922 306 246 217 169 155 164 52 198 148 212
1376 1104 1520 1616 1168 1120 1104 1264 1224 510 366 247 220 150 151 161 23 133 150 212
1296 1280 1216 1200 1184 1120 1136 1296 1216 435 250 232 216 135 150 163 22 149 150 212
1328 1136 1360 1520 1616 1344 784 1504 1424 605 365 430 238 104 145 183 34 134 139 212
1184 1408 1360 1312 1352 1344 1104 1440 1048 454 286 244 332 170 153 169 45 114 136 212
1312 1472 1664 1600 1376 1360 880 1280 1296 462 257 305 235 173 151 177 40 112 140 212
1376 1360 1392 1392 1168 928 976 1568 1272 493 274 250 233 127 159 171 17 157 138 212
1088 976 1472 1552 1304 1152 1104 1472 1520 590 295 2682 281 135 166 176 27 136 164 212
1056 1040 1152 1632 1432 1280 880 1424 1312 450 350 751 185 80 153 177 39 133 166 212
2080 1984 1840 1840 1872 1296 1168 1696 1856 2887 365 1368 268 1535 183 231 231 1105 194 209
1808 1616 1728 1664 1384 1184 1232 1632 1368 1435 186 1448 1037 199 202 227 969 252 200 209
1648 1536 2032 1712 2160 1264 1168 1488 1792 900 330 2335 633 204 213 233 263 1169 250 209
2176 1456 1760 2048 1672 1136 1184 1440 1224 1487 1021 611 904 196 184 215 198 553 181 209
2256 2176 2416 1968 2016 1408 1184 1744 1696 2098 1265 389 1565 150 184 219 178 703 215 209
2320 1504 2016 1856 1712 1200 1136 2256 1656 2318 214 668 1386 168 165 266 117 600 214 209
1520 1472 1984 1616 1664 2384 1568 2208 1544 1506 2202 2458 352 731 1090 231 136 920 183 207
1536 1488 2352 2016 1896 2096 2224 2448 1944 1585 666 1856 305 616 249 215 103 370 201 207
1648 1392 2256 2592 1872 1760 2240 2448 1896 905 1165 568 790 583 249 231 118 289 183 207
1680 1440 2640 1984 1920 1728 1952 2752 1864 1235 415 1256 736 217 200 219 95 206 230 207
1648 1840 1600 1984 1824 1872 1712 2944 1872 1419 1189 295 804 320 217 246 54 334 197 207
1552 1936 1840 1856 1872 2336 1632 2448 2152 1368 837 1168 587 380 336 231 134 270 217 207
1312 1552 1632 1568 1936 1840 1936 2688 2080 1085 687 1183 753 286 199 230 87 200 232 207
1600 1472 1584 1984 1808 2384 1408 2448 1648 1004 1670 800 420 196 1426 231 149 654 165 207
1472 1888 2416 2256 2016 2176 1472 2176 2112 1250 417 802 367 386 170 214 134 201 250 207
1392 1696 1360 2224 1584 2352 1520 1888 1888 1335 570 830 2895 163 188 181 101 286 199 207
1568 1328 1616 2096 1936 2064 1760 4144 2128 1169 667 652 449 301 204 337 47 300 216 207
1600 1520 1648 2192 2136 2288 1472 1920 2176 771 919 417 653 315 186 183 133 167 215 207
1472 1712 1808 2048 1848 2304 1728 2432 1936 1301 1355 533 438 363 201 215 121 232 215 207
1344 1392 1296 2016 1776 1968 1728 2416 1712 2289 1120 548 387 248 186 214 101 190 227 207
1568 1184 1808 1808 2216 1680 1472 2736 2056 1409 648 1036 534 417 154 233 82 166 216 207
1168 1312 1376 1936 1968 1936 1760 2240 1592 1168 920 449 317 152 500 218 116 471 181 207
1440 1552 1680 2752 1920 2240 1696 2832 1968 1619 736 531 405 264 184 239 63 216 202 207
1360 1680 1680 2048 1936 1712 1520 2480 1720 1460 402 948 267 200 653 230 120 180 212 207
1264 1600 1280 1488 1976 1760 1680 2464 1944 638 750 467 318 331 168 217 98 150 186 207
1312 1360 1392 2192 2472 1920 1968 3024 2104 872 1454 495 441 432 201 252 94 152 236 207
1072 1376 1728 2176 2264 1760 1680 2768 2056 1219 1018 614 554 553 167 251 114 251 192 207
1632 1984 1600 2336 1888 1968 1936 2544 1872 1031 1009 614 319 268 199 221 96 372 194 207
1344 1360 1808 2064 2056 1760 1920 2768 1976 1389 565 1402 253 484 183 236 78 171 201 207
1296 1184 1840 2144 1832 2208 1680 2208 1680 1235 598 368 370 263 168 201 98 155 196 207
2464 1392 1360 1776 2456 2016 1888 3120 2056 1139 886 501 332 235 165 258 108 121 214 207
1280 1488 1888 1808 1992 1696 1680 2432 1464 784 650 269 381 371 183 214 116 124 245 207
1296 1264 2384 2640 1872 1840 1648 1808 2112 1584 414 669 272 349 166 1404 150 250 201 207
1520 1776 1568 1904 2032 1696 1680 2416 1968 601 1152 400 389 199 183 214 114 107 217 207
1472 1344 1568 2144 2128 2016 1728 2688 2024 1152 1186 415 368 251 170 214 85 151 197 207
1472 2336 1824 1536 1872 2064 1728 2352 1960 663 1071 252 383 332 170 225 90 168 217 207
1648 1424 1648 1888 2192 1888 1680 2480 1824 1707 446 1204 516 321 167 218 111 107 214 207
1648 1344 2224 1696 2184 1968 1632 2464 1800 869 498 387 332 154 383 217 100 151 183 207
1488 1504 1936 2096 2048 1680 1936 2784 1976 1538 1031 319 737 183 184 236 63 138 218 207
1680 1632 1104 1920 2160 2336 1680 2528 1824 652 444 993 298 317 168 221 78 151 186 207
1664 1728 1680 1888 2088 1920 1728 2528 2096 2088 371 367 350 198 186 220 94 186 232 207
1072 1216 1520 2272 2032 1984 2144 2528 1960 1253 1114 802 451 218 336 220 93 186 231 207
1104 1056 1328 1840 2088 1536 1968 2976 1824 1321 332 1154 349 283 185 233 63 123 214 207
1488 1840 1552 2688 2024 2048 1920 2784 1968 1369 1103 794 405 603 183 237 62 204 199 207
1104 1104 1264 1856 1904 1728 1968 2384 1704 1186 1321 381 386 248 185 196 72 183 201 207
1488 1648 1648 2384 1992 2112 1712 2272 1824 1235 904 461 273 147 170 220 94 121 185 207
1440 1200 1856 1808 2072 1808 1712 2736 1840 571 397 300 334 300 170 234 62 157 182 207
1632 1344 1520 1776 1968 1808 1680 2352 1840 537 1050 267 302 519 183 225 90 172 229 207
1200 1344 1680 2048 1888 1680 1648 2768 2040 1736 417 300 369 151 181 236 50 165 198 207
1552 1776 1600 1776 1960 1952 1680 2368 1576 501 1154 282 300 185 168 226 73 154 231 207
1712 1552 1632 2192 1576 1648 1648 2416 1984 5177 320 2936 456 150 181 213 72 469 216 207
1392 1600 1552 2320 1928 1888 1680 2784 1928 1056 533 582 235 149 168 237 62 202 216 207
1232 1264 1680 1856 1744 2048 1840 1968 1624 583 984 366 303 159 224 186 133 586 165 207
2112 1360 1552 1392 1512 1712 1232 2032 1160 1322 681 694 401 432 160 205 51 270 152 204
1952 1104 1088 1200 1344 1456 1392 1968 1400 1497 491 1523 441 678 185 191 125 437 158 204
2112 1552 1712 1312 1392 2624 2192 1968 1160 1371 681 1404 355 573 295 281 150 254 215 204
1952 1136 1072 1136 1272 1472 1072 1632 1352 215 963 1119 510 190 176 196 70 447 421 204
2352 1280 1232 1584 1808 1264 1440 1552 1592 2636 281 340 223 120 170 177 143 374 166 221
1728 1680 1696 1360 1648 1136 1168 1536 1384 540 267 296 196 61 144 176 90 533 151 221
1728 1792 1744 1440 1640 1408 1104 1488 1256 304 929 170 199 68 140 164 83 470 150 221
1968 1696 2336 1664 1800 1392 1536 1344 1888 787 1534 70 190 107 176 184 145 271 344 221
1680 1760 2000 1712 1928 1504 1600 2096 1368 420 674 1640 427 104 202 241 153 227 154 221
1552 1632 1488 1760 1768 1424 1136 1584 1200 324 293 443 195 68 131 179 96 532 153 221
1552 1664 1360 1536 2088 1536 1632 1536 1448 290 265 363 231 86 192 176 117 257 203 221
1872 1808 1744 1648 1984 1376 1168 1824 1448 935 1044 163 231 86 153 184 100 685 149 221
1792 1568 1696 1568 1752 1520 1280 1584 1392 369 1098 218 214 85 150 180 143 318 143 221
2032 1280 1728 1472 2048 1440 1376 1680 1160 310 330 360 213 67 146 185 125 1498 164 221
1904 1616 1648 1792 1840 1584 1392 1728 1544 271 300 260 209 98 157 192 104 577 160 221
1824 1888 1968 1216 1592 1200 1600 1536 1464 520 1907 136 269 75 160 166 90 217 167 221
1536 1488 1568 1760 1832 1184 1600 1696 1352 310 360 324 213 64 180 176 640 391 150 221
1872 2240 2080 1968 1896 1344 1424 1824 1352 310 1140 373 227 94 166 184 80 970 150 221
1600 1584 1280 1248 1648 1248 1120 1664 1512 1027 290 350 220 68 142 184 86 434 177 221
2144 2080 1872 1824 1832 1584 1488 1776 1384 4381 1104 134 409 157 183 217 210 1488 146 221
1712 1792 1968 1632 1432 1376 1296 1760 1288 563 729 206 213 76 151 180 89 777 154 221
1824 1680 1456 1392 1824 1184 1248 1536 1448 457 333 297 221 56 140 180 97 417 156 221
1552 2048 1920 2080 1752 1488 1280 1696 1528 520 250 410 247 93 160 197 103 224 147 221
2176 1888 1632 1504 1928 1280 1552 1904 1248 336 288 520 210 90 167 169 88 346 140 221
1936 1792 1744 1536 1544 1120 1664 1552 1352 1283 330 266 274 90 204 193 100 204 145 221
1424 1856 1920 1984 1768 1392 1488 1760 1400 327 490 267 207 87 163 190 154 406 144 221
768 1648 1696 1504 1904 1344 1232 1920 1400 1169 801 176 220 94 157 180 92 212 209 221
1472 1568 1632 1536 1504 1744 1296 1600 1312 250 267 448 194 99 131 180 157 370 164 221
2080 1664 1632 1616 1800 1328 1344 1760 1408 647 273 240 212 55 164 180 83 223 197 221
1600 1744 1712 1584 1912 1168 1600 1872 1488 350 307 510 977 83 170 187 117 206 158 221
1968 2016 1696 1856 1736 1280 1440 1888 1368 1506 643 377 237 170 170 188 379 730 150 221
2384 1536 1792 2464 1960 1696 1536 1968 1704 2085 1146 370 679 924 203 343 191 418 178 221
2128 2208 2304 2048 1920 1456 1616 2048 1528 1812 1260 547 1186 96 181 234 383 446 167 221
2128 2224 1792 1776 1792 1456 768 1616 1536 711 827 477 835 96 138 520 141 263 156 221
1952 1968 1456 1872 1968 1632 928 1872 1624 1008 588 522 1056 125 142 428 169 423 164 221
1952 2224 1776 1952 1824 1360 1536 1792 1536 477 679 469 520 48 162 170 69 180 150 221
1536 1872 1872 2384 1752 1264 1536 1616 1456 381 1686 302 559 47 162 173 91 167 152 221
2624 2560 1712 1952 1760 1456 1536 1968 1280 527 1014 817 378 150 171 247 194 313 146 221
1632 1360 1872 2048 1872 1104 1536 1744 1528 940 678 488 700 101 168 200 109 267 177 221
2304 2464 1952 1872 1872 1536 1792 1872 1536 2746 884 1346 976 64 280 226 128 458 166 221
2128 2464 1872 1696 1976 1200 1792 1712 1408 1764 1041 854 852 68 222 224 216 1217 155 221
1888 2304 2128 1968 1832 1440 1536 1472 1368 612 893 879 445 69 167 179 105 209 168 221
1952 2048 1872 1872 1832 1616 1632 1792 1408 1334 1348 536 381 85 159 174 80 171 147 221
1888 1712 1872 1888 1744 1536 1792 1792 1360 679 882 409 305 79 410 228 138 312 150 221
1632 2224 1872 1872 2088 1360 1440 1536 1528 789 762 1630 930 192 169 168 160 260 157 221
2208 768 1536 1952 1744 1696 1616 1712 1456 986 492 1330 543 74 189 175 90 173 150 221
2048 2304 1520 1952 1872 1456 1120 2064 1536 1048 789 902 495 126 157 422 116 275 153 221
2048 2048 2048 2288 1848 1184 1440 1696 1448 2013 956 371 352 67 156 156 85 177 157 221
1712 2048 1968 1792 1712 1456 1456 1984 1544 415 723 1241 1019 74 268 230 106 187 166 221
1856 1888 1872 1504 1664 1344 1168 1760 1280 268 317 184 184 52 143 170 117 394 133 221
1440 1584 1664 1536 1832 1392 1136 1760 1664 1567 264 226 194 40 153 181 72 381 157 221
1664 1936 1504 1328 1672 1504 1600 1376 1456 417 254 359 182 66 160 166 541 445 148 221
1760 1968 1472 1616 1664 1616 1312 1504 1360 603 512 261 194 90 147 167 119 344 157 221
1760 1760 2336 1744 2296 1168 1136 1712 1736 1153 643 873 412 1212 190 212 173 834 166 214
1744 2320 1712 1760 1752 1152 1184 1760 1760 2784 255 983 1046 133 207 221 194 315 193 214
528 2304 1168 2304 2024 1712 1168 2336 2136 1340 308 1845 518 371 172 261 166 232 220 214
592 2304 2304 2352 1736 1728 1760 1696 1448 1220 219 587 378 675 213 192 121 222 147 214
1136 1728 2304 1712 1720 1136 1152 1728 1128 1309 284 1074 247 112 169 212 154 164 168 214
1168 1136 1712 1744 2128 3936 80 2304 1744 1524 1438 713 270 252 6 244 135 316 199 214
1168 1760 1712 1728 1736 1184 1168 1712 1720 1757 278 465 354 138 167 203 169 196 177 214
1200 1200 1136 1728 1768 1232 1216 1776 1760 1278 360 818 707 103 171 214 153 224 190 214
1536 1760 1120 1776 1768 1760 1136 1760 1736 1529 251 1153 229 180 159 193 166 368 166 214
1440 1424 1440 1440 1192 1440 1440 1440 952 695 494 333 746 148 142 144 59 858 134 215
1408 1440 1440 928 1200 960 960 1392 928 1059 642 654 368 356 142 173 60 416 160 215
1120 976 1248 1616 1960 1312 1136 1280 1536 1561 1510 237 1856 124 186 160 228 1021 225 218
848 1200 1616 1680 1992 1168 1152 1280 1800 1926 685 754 466 877 175 162 105 513 227 218
1104 960 768 1584 1792 1040 1008 1040 1704 1171 746 234 1179 102 171 152 168 2151 239 218
1024 1088 1312 1488 1656 1120 1088 1472 1440 1800 327 778 798 64 149 159 246 559 205 218
960 960 992 1440 1640 864 1024 768 1200 1679 1363 133 597 44 171 121 101 553 173 218
1248 1360 1520 1296 1928 1824 1264 1328 1592 1205 991 2354 225 143 193 171 162 300 246 218
1232 752 944 1040 1576 1008 992 1072 1464 1192 445 1247 213 91 164 132 103 698 153 218
1216 976 1104 1856 2160 2144 1328 1648 1720 1427 316 841 332 246 174 204 205 314 177 218
1072 976 1216 1440 1808 1024 1088 1440 1472 1069 1736 157 1011 79 177 170 194 306 189 218
944 1088 1184 752 1856 1200 1296 1056 1392 1373 502 1113 466 100 193 152 146 290 186 218
1008 896 880 1200 1672 1536 1136 1328 1936 762 1704 133 911 130 173 174 304 363 209 218
928 1072 976 1984 1912 1040 1184 1072 1520 934 995 114 377 119 336 165 229 511 196 218
992 624 880 1296 1984 1184 1104 1200 1632 1428 2561 197 1387 501 166 161 126 229 207 218
928 1088 1040 864 1824 1488 1120 1072 1808 1088 284 1045 295 173 280 158 148 278 192 218
1216 672 1328 1680 1640 896 992 880 1144 1015 559 178 1132 65 208 156 131 538 166 218
976 1360 992 1472 1520 1088 1200 592 1792 1303 1153 139 1031 66 176 165 82 206 224 218
1280 1408 1392 1056 1560 1216 912 912 1168 1048 278 1112 262 109 163 138 142 326 182 218
1104 944 1088 1824 1848 912 1024 880 1496 1744 1045 138 262 91 213 129 155 572 217 218
1168 1248 1280 1520 1696 1184 1168 1600 1768 1079 356 582 453 127 181 172 189 264 209 218
1040 1296 1184 1568 1688 640 1104 720 2136 1471 1065 136 212 67 293 147 140 300 236 218
1040 1168 1296 1936 1880 1072 1120 1088 1384 1154 1809 259 934 87 180 146 106 260 224 218
1152 1200 1376 1536 1560 1184 1328 1296 2456 1343 1520 121 209 384 280 160 256 456 280 218
1056 912 1200 1568 1960 1024 1072 992 2296 1099 1210 114 298 73 193 142 250 239 314 218
1232 1168 1392 1008 1792 1312 1392 944 2320 1333 235 1104 236 102 184 469 109 256 241 218
1216 1248 1040 1920 1520 1472 1312 1152 1904 1156 1093 135 321 84 213 138 106 358 212 218
1072 1232 1184 1600 1888 976 1360 1056 1672 1318 310 2252 584 44 168 130 117 200 238 218
768 912 992 1488 1728 1008 1072 880 1880 1043 1360 117 253 108 179 149 162 745 233 218
1120 1040 1088 1600 1728 816 1168 1008 1944 1212 386 646 421 72 164 127 96 186 238 218
1344 1008 1184 1504 1544 1200 1280 816 2256 1250 269 799 496 40 165 117 446 517 255 218
1024 1056 1440 2144 1664 1280 1184 976 2224 894 1069 161 1036 59 183 140 253 365 210 218
1216 1424 864 1584 1896 1232 1232 992 2072 1033 434 1069 507 93 185 539 132 272 223 218
896 928 1168 1696 1760 1280 1056 912 1896 899 400 121 622 46 162 127 111 242 244 218
976 1024 880 1312 1776 480 816 864 2112 745 1284 90 320 102 392 153 120 351 180 218
1040 1248 1264 1456 1968 1184 1072 1328 2288 941 351 427 725 71 188 160 107 323 235 218
1328 1088 1184 1280 1944 1280 1440 960 1512 1263 1239 145 558 87 213 311 161 323 182 218
1072 1088 992 1600 1664 1616 1472 944 2040 799 361 253 510 262 338 162 190 241 422 218
1120 1072 912 1696 1640 880 1264 1008 1392 1055 312 285 843 51 195 531 121 1010 166 218
1216 1328 1360 896 1760 1504 1232 1344 1952 1219 306 1315 249 125 526 187 123 246 250 218
1152 1168 1168 1344 1696 1376 1184 1088 1896 1093 224 1090 638 300 219 158 167 481 211 218
992 1200 1104 1360 1736 800 1312 1248 1544 789 435 533 213 105 416 170 113 186 280 218
1184 1680 912 1408 1632 912 992 1056 1920 2011 1308 112 287 87 150 129 105 173 218 218
992 1280 1120 1680 1648 1200 1072 1248 1880 1118 268 289 564 101 525 341 148 212 217 218
1168 928 1120 1488 1960 1168 1376 1104 1888 1168 277 1505 279 92 200 148 126 162 225 218
832 1152 992 1328 1824 1232 1280 1232 1912 804 288 1574 402 102 241 562 191 157 253 218
1152 1200 1312 1088 1360 1216 1168 1360 2056 1100 303 951 226 138 181 151 84 154 241 218
1104 1136 1184 1136 1096 960 832 1152 1080 820 239 756 340 289 178 218 152 309 144 213
1024 1056 1104 1104 928 1136 1104 768 1072 1034 1527 697 254 231 162 174 329 268 156 213
1136 1440 1552 976 1032 1392 1312 1344 976 718 310 770 372 168 207 208 134 771 137 213
1360 1056 960 1424 992 880 832 1312 1184 1174 248 467 735 109 163 186 102 703 164 213
832 1056 1568 1104 1168 1136 1136 1408 1144 292 1072 665 564 193 169 179 70 382 168 213
2048 1696 1648 2544 2048 1136 1024 1584 1704 791 740 813 455 114 176 199 189 382 246 219
2272 2208 2608 2448 2232 1296 1280 2000 2000 988 630 360 503 140 194 234 176 315 303 219
2464 2336 1456 2128 1528 1072 1088 1392 2064 520 884 404 280 123 178 202 64 283 219 219
1424 2256 1632 2608 1240 1344 912 1408 1736 1381 1403 1548 474 469 210 211 96 265 207 219
1680 1600 1568 1408 1976 1088 944 1472 1752 866 1623 301 701 77 195 207 139 184 209 219
1712 1856 2112 1152 2024 1472 1136 1760 2024 1058 777 540 659 143 207 231 115 296 247 219
2320 3184 2144 1904 1840 1344 1136 1744 1504 1837 1451 777 359 250 191 219 101 287 264 219
2112 2608 2400 2384 2000 1504 1056 1632 1664 1505 1189 362 901 124 187 214 127 326 235 219
2208 2064 1904 2032 2008 1216 1136 1840 1944 1184 837 402 403 159 196 225 180 315 214 219
1840 1920 2832 1712 2224 1712 912 1360 2120 1254 1020 202 370 149 181 231 199 383 217 219
2048 2176 1920 1056 1872 928 1072 1808 1816 764 3434 371 353 115 201 253 93 273 203 219
1856 2032 1616 2128 1864 1168 992 1536 1800 1059 1387 394 322 681 164 182 156 325 212 219
1824 1984 1664 2144 1992 1088 1280 1696 1512 475 1146 384 681 70 390 280 186 318 206 219
2048 2128 1952 1776 1816 1632 1056 1680 1944 1430 1246 346 324 145 187 211 129 270 224 219
1296 976 1248 1360 1296 1280 928 1344 1232 693 1304 1278 1291 247 228 256 264 574 310 216
992 1184 1088 1152 1176 1312 1056 1472 1184 1394 414 380 1530 204 194 186 180 1480 180 216
1328 1088 992 1584 1192 1280 992 1440 1008 1251 375 416 882 243 216 191 191 631 193 216
1200 1008 1024 1248 1336 1184 1120 1328 976 1022 386 366 844 174 176 161 176 545 171 216
1152 1072 1248 1376 1080 1184 896 1440 1016 1072 310 332 690 153 148 158 91 416 146 216
1232 1136 1008 1312 1192 1280 1008 1152 1152 1392 1408 1184 806 223 183 170 160 629 166 216
1120 1136 1168 1600 1176 1200 1040 1248 976 1036 382 499 493 146 151 163 154 242 166 216
992 1232 1168 1280 1224 1088 912 1472 1080 1196 448 358 829 155 167 166 116 459 160 216
1152 1056 1088 1392 1208 1184 992 1360 1056 385 877 339 648 184 183 164 157 289 157 216
928 928 1296 1104 1192 1280 864 1184 1056 1365 425 359 887 259 166 180 187 442 162 216
1440 1152 848 1376 1080 1120 896 1216 936 418 321 364 1316 158 166 160 118 622 174 216
1248 960 976 1280 1168 1248 880 1264 1064 432 281 310 462 138 160 158 132 225 151 216
976 1088 1088 1024 1032 1184 784 1216 1048 474 321 247 1217 193 165 169 155 243 165 216
1280 1184 1024 1296 1032 1200 960 1296 1184 900 252 347 568 161 168 153 128 244 174 216
1168 1056 1200 1168 1144 1008 1104 1360 1192 566 352 647 295 181 178 156 156 244 151 216
1152 1024 1040 1344 1344 1088 1040 1408 1064 1872 2325 285 222 162 198 184 182 536 168 216
1136 1328 1088 1184 1288 1184 1184 1424 1088 1169 1435 406 1023 193 164 175 125 559 164 216
992 864 1008 1280 1136 1248 944 1184 1168 416 217 260 277 182 145 156 141 228 148 216
1232 912 1152 1120 1240 1344 992 1248 1112 407 265 278 255 139 152 159 120 231 156 216
1088 1152 1072 1072 1272 1136 816 1312 1072 432 245 271 425 151 163 160 124 203 146 216
1024 1088 1120 1232 1112 1280 912 1216 1104 634 272 225 289 136 157 159 120 196 144 216
1120 976 1104 1312 1032 1168 944 1280 1008 560 270 284 212 158 152 154 126 213 158 216
1088 992 1280 912 1128 1280 944 1392 1104 453 279 307 285 130 139 168 90 234 164 216
1120 1024 1040 1296 1120 896 800 1152 960 1067 348 873 576 210 144 169 131 238 154 216
944 976 1104 1120 1064 1072 944 1232 1168 364 228 241 470 137 149 160 116 372 163 216
1024 928 1120 1088 1128 1008 992 1216 1096 374 235 1107 1294 156 152 155 150 1287 167 216
1152 1072 1024 1120 1120 1072 960 1296 1040 957 197 482 968 152 163 161 124 304 158 216
1120 1056 1184 1072 1064 1168 1040 1248 1016 2616 268 296 684 171 161 153 133 227 157 216
976 944 1040 1184 1064 1088 944 1216 1144 377 196 200 339 118 139 153 90 210 153 216
1168 1120 1104 1280 1024 1088 1024 1248 856 1043 280 291 894 299 216 185 184 596 265 216
1136 928 1408 1056 1048 1328 928 1520 928 541 258 261 680 147 145 179 104 196 154 216
1040 464 1104 1216 1168 1104 800 1120 1000 520 1147 343 769 248 168 170 182 231 154 216
1120 976 1248 1296 1008 1312 1024 1136 1200 402 233 246 278 231 152 167 167 260 154 216
1264 1040 1072 1280 1096 1024 1072 1248 1048 331 233 250 258 166 153 151 141 219 147 216
1120 992 912 1376 1224 1040 944 1280 1032 1350 299 333 215 115 156 161 123 217 160 216
1120 1136 1184 1296 1144 976 944 1136 1176 1068 281 311 440 183 147 152 142 197 146 216
960 1040 1104 1120 1024 1120 976 1296 992 1049 269 282 242 185 164 157 189 281 158 216
1232 928 944 1184 1104 1184 1104 1280 1016 365 207 275 666 144 155 161 114 468 178 216
1296 1024 1120 960 1080 864 880 1296 1096 983 269 231 282 125 150 147 104 217 145 216
1120 976 1168 1056 1136 1040 1024 1344 1040 316 222 222 241 134 154 165 107 191 150 216
960 1088 1088 1040 872 1168 1072 1296 1016 864 211 352 198 356 156 154 90 192 151 216
1216 1136 1136 1360 1176 1328 1152 1472 1072 949 320 364 515 243 209 200 235 433 268 216
1232 1024 1120 1120 1104 1488 960 1376 1072 1108 401 873 227 197 164 172 133 257 157 216
1120 832 1120 1264 1216 1376 992 1232 952 422 198 239 231 116 156 155 102 221 157 216
1552 1680 1456 1568 1600 1328 1440 1280 1424 700 702 634 392 563 215 518 152 433 167 222
2000 1456 1664 1632 1520 1408 1216 1440 1304 906 951 384 669 136 201 215 134 417 168 222
1888 1312 1632 1920 1288 1328 1040 1408 1416 1088 651 716 1072 302 201 182 84 401 182 222
1424 1376 1504 1680 1304 1184 944 1424 1304 886 736 230 251 137 168 215 85 200 166 222
1680 1568 1472 1776 1488 1120 1200 1552 1432 1504 803 315 588 117 184 206 60 284 167 222
1712 1456 1696 2144 1456 928 1184 1184 1416 687 1235 415 519 121 167 199 116 401 168 222
1296 1200 1264 1664 1480 1136 1456 1088 1312 920 753 432 352 134 216 318 316 803 151 222
1552 1184 1088 1664 1312 1152 1152 1328 1504 688 834 332 368 119 181 186 78 256 217 222
1488 1280 1072 1840 1448 656 1216 1552 1632 537 1636 633 270 119 248 216 99 937 149 222
1504 1664 1408 1856 1296 1152 816 1088 1376 510 674 667 406 166 185 199 116 620 149 222
2032 1104 1408 1776 1368 1120 960 1200 1312 573 582 315 322 101 201 216 118 443 157 222
1856 1552 1472 1712 1208 1152 1216 992 1544 425 713 216 485 119 201 484 100 333 151 222
1408 1488 1216 1744 1496 1152 992 1120 1424 737 920 266 404 181 203 400 179 405 148 222
1984 1504 1408 2288 1144 1088 912 1664 1464 744 468 331 355 334 151 198 69 246 171 222
1680 1344 1280 2064 1408 912 1152 1424 1488 1270 533 853 541 196 166 183 102 348 168 222
1136 1376 1568 1360 1032 1168 1200 1184 1248 869 348 770 200 135 200 183 69 283 150 222
1632 1248 1200 1872 1312 672 1152 1184 1544 971 1622 663 389 151 182 199 151 718 150 222
1408 1376 1520 1776 1168 1152 944 1536 1336 1153 613 289 216 103 184 221 63 251 166 222
1584 1360 1056 1440 1328 1136 1216 1216 1064 736 503 748 253 651 201 216 100 203 149 222
1344 1472 1552 1712 1312 1088 1152 1200 1264 690 1586 334 234 162 190 184 148 638 165 222
1856 1328 1184 1680 1312 1056 1408 1664 1344 804 920 215 235 101 215 167 86 384 150 222
1536 1408 1456 1360 1120 1120 944 1536 976 668 451 251 213 121 169 206 44 185 166 222
1728 1520 1392 1520 1336 944 1184 1328 880 453 901 282 487 84 199 868 118 319 135 222
1568 1520 1232 1680 1360 1376 1184 1440 1328 1209 699 997 304 117 152 183 117 534 150 222
1824 1088 1424 1856 1360 1360 1472 1168 1384 806 701 617 602 335 217 183 117 368 150 222
1296 1360 1520 1392 1552 896 1168 1440 1024 418 784 236 248 119 167 184 86 366 167 222
1536 1200 1264 1824 1256 880 944 1376 944 686 251 632 320 133 184 917 135 335 134 222
1472 1328 1296 1152 1432 1104 1184 1216 1200 453 300 353 248 85 183 185 1219 530 138 222
1568 1568 1712 1536 1208 1120 944 1104 1112 617 920 768 235 117 200 486 150 286 165 222
1824 1184 1328 1472 1304 880 1200 1440 1120 670 585 282 235 117 202 199 269 367 150 222
1840 1120 1328 1696 1312 1184 976 1120 1272 820 318 231 204 82 155 179 101 366 152 222
1856 1664 1408 1712 1408 1248 1168 1264 1288 703 1006 263 271 219 182 235 164 335 151 222
1616 1520 1216 2112 1064 1408 1168 992 1280 517 217 382 438 167 167 219 244 440 171 222
1456 1008 1360 1920 1296 1120 928 1440 1304 453 634 714 203 101 168 184 99 234 151 222
1632 1616 1344 1696 1376 1392 1312 1280 1376 619 535 465 303 134 835 252 133 332 137 222
1776 1184 1664 1488 1328 1008 1200 1360 1384 491 736 534 202 84 169 179 120 333 152 222
1600 1360 1408 1456 1272 1136 1152 1408 1440 555 385 232 250 86 166 182 100 217 151 222
1488 1040 1200 1424 1176 1120 1120 1424 1376 769 216 251 202 133 184 402 132 350 166 222
1424 1072 1504 1536 984 1136 1184 912 1176 552 281 351 302 118 184 217 103 297 135 222
2112 1408 1376 1680 1360 848 928 1264 1216 635 637 183 234 86 184 199 82 220 167 222
2064 1328 1600 1632 1616 1056 976 1424 1456 802 651 569 269 383 170 214 86 265 135 222
1616 1648 1552 1808 1296 1056 1520 1168 1240 668 269 332 236 753 298 552 217 402 151 222
1680 1136 1248 1584 1440 1104 960 1200 1336 637 250 333 220 116 185 200 117 417 150 222
1888 1360 992 1568 1512 1376 1296 1152 1280 972 218 504 913 117 452 400 133 302 136 222
1712 1328 1504 1584 1192 1104 960 1344 1504 1104 266 302 237 132 185 334 115 382 180 222
1648 1440 1440 2016 1360 656 1008 1472 1360 418 953 298 388 135 182 233 155 380 151 222
1760 1424 1296 1696 1304 1200 1024 1216 1328 654 253 362 437 169 200 234 133 250 151 222
1408 1168 1392 1728 1424 1120 944 1312 1696 887 933 249 286 85 169 191 91 216 137 222
1616 1248 1408 1664 1360 912 1088 1216 1080 2007 416 1203 1070 119 199 300 117 235 166 222
1344 1280 1312 1632 1312 528 1136 1344 1432 464 489 399 284 493 178 233 84 234 149 222
1824 1728 1472 1264 1480 1312 1296 2096 1208 1160 1210 449 1486 232 218 976 566 883 187 220
1040 1312 1312 1712 1416 1296 1216 1488 1384 711 1657 1275 922 286 192 199 146 484 190 220
1312 2112 1792 1824 1432 1600 1280 1488 1416 1380 2075 404 557 907 193 197 119 320 187 220
992 1536 1360 1808 1496 1568 1280 1344 1448 1906 377 457 1171 1282 194 210 121 359 147 220
1504 1504 1776 2064 1840 1536 1280 1632 1480 826 1605 549 520 193 163 210 136 362 163 220
1520 1536 1296 1504 1696 1248 1232 1600 1504 1374 674 2487 305 253 185 219 155 1126 190 220
1376 1568 1600 1152 1272 1376 1568 1664 1144 2027 761 238 1427 278 209 212 336 300 194 220
1168 1952 1696 1344 1456 1392 1136 1744 1360 1574 964 1434 875 238 164 229 170 300 189 220
1232 1984 1760 1472 1696 1456 1200 1536 1328 1687 515 556 339 286 174 192 133 290 182 220
1472 1280 1472 2048 1408 1344 1344 1472 1664 1174 7784 629 352 212 176 164 88 348 201 220
2240 1472 1472 1472 1600 1216 1088 1728 1152 1121 508 865 1121 200 192 232 96 902 176 220
1344 2112 1600 1408 1408 1728 1472 1344 864 1077 1296 472 364 332 377 208 160 376 192 220
1920 1664 1856 1728 1472 1408 1152 1792 1504 1661 412 1937 405 276 188 212 80 284 208 220
1728 1920 1664 1792 1664 1472 1088 1792 1728 1057 1903 244 312 216 181 208 116 332 176 220
1600 2112 1280 1600 1344 1280 1472 1600 1600 1417 516 1089 264 236 216 172 120 289 192 220
1472 1728 1536 1408 1600 1152 1280 1536 1376 2200 361 520 284 289 184 192 128 288 180 220
1664 1472 1408 1472 1440 1472 896 1600 1600 1361 2196 461 256 532 168 220 108 325 176 220
1664 1984 1536 1472 1472 1216 1088 1280 1536 780 1260 464 277 324 184 188 112 352 192 220
1344 1920 1600 1024 1440 1280 1344 1344 1088 801 1213 344 284 441 180 176 104 372 193 220
1792 2048 1536 1920 1600 1408 1088 1664 1792 1610 2583 272 284 344 180 204 92 345 192 220
1984 1920 1824 1664 1440 1216 1216 1536 1440 1613 550 1281 564 257 192 212 104 316 184 220
1536 1664 1600 1472 1408 1600 1536 1472 1408 628 881 1225 288 388 172 172 144 317 176 220
1280 1536 1728 1536 1504 1664 1344 1536 1184 1850 1716 228 272 461 164 184 88 389 180 220
1600 1664 1600 1344 1760 1536 1152 1472 1792 413 1856 244 336 296 172 220 156 477 204 220
1792 1600 1344 1600 1504 1408 1024 1408 1632 884 1481 281 368 248 156 188 128 288 196 220
1648 1520 1904 1760 1792 1008 1664 1664 1784 1288 1112 503 473 144 176 184 144 440 216 217
2032 2416 1648 2160 1760 1264 1280 1520 1584 1400 1640 368 552 128 160 184 129 239 176 217
2352 1648 1776 1936 1608 1280 1152 1536 1664 1260 463 577 336 120 160 176 112 224 184 217
1408 1536 1776 2032 1656 1136 1520 1968 1584 1135 472 616 456 168 168 204 93 639 207 217
1664 1904 1520 1648 1736 1536 1392 1520 1784 1263 841 1872 401 207 168 184 120 1008 224 217
1968 1536 1648 2400 1720 1136 1392 1648 1400 1325 1063 351 641 224 192 192 97 216 191 217
1520 1648 1776 1664 1784 1120 1408 1536 1784 1288 1968 553 847 207 177 176 120 280 224 217
2160 1520 1648 1776 1800 1408 1264 1664 1648 1280 424 656 703 337 176 200 120 248 199 217
1568 1536 1776 1808 1656 1264 1152 1520 1520 1184 336 440 400 176 160 192 112 248 200 217
1280 1264 1280 1536 1280 1280 1280 1280 1032 1247 2656 2576 1600 4080 240 240 1200 864 159 223
1280 1280 1280 1024 1024 1024 1024 1552 1024 1327 1024 1872 352 1152 176 208 992 1216 176 223
1024 1280 1280 1520 1784 1024 1280 1520 1400 1312 1360 1951 544 1697 192 191 208 1552 464 223
1536 1280 1280 1264 1272 1008 1280 1280 1024 1296 1056 1535 1633 159 208 193 383 928 145 223
1296 1280 1040 1280 1544 1280 1280 1536 1024 1423 1697 1423 1073 160 176 208 128 1023 145 223
784 1280 1536 1280 1416 1280 1040 1776 1136 1248 1600 1391 1185 191 161 223 145 2223 144 223
1888 1872 2112 1600 1424 1840 1648 2144 1256 1289 478 303 429 154 261 274 92 274 159 224
1936 1904 2128 2192 1536 1520 1488 1808 1832 723 747 785 1180 82 245 208 80 476 267 224
2304 1984 1776 2080 1504 1856 1568 1856 1448 943 999 410 505 126 258 216 59 318 158 224
1776 1696 2160 1696 1480 1296 1600 1888 1504 982 543 568 274 41 269 225 54 689 198 224
1968 1968 1936 1568 1640 1424 1008 1488 1680 844 453 322 357 103 186 214 53 566 268 224
1648 2144 2432 1888 1240 1808 1696 1488 1392 749 769 1163 432 125 281 203 47 203 195 224
1904 1824 1840 1488 1552 1152 1632 2160 1768 2114 628 443 268 49 979 250 100 2732 199 224
1552 1936 1936 2176 1376 1360 1232 1664 1232 873 449 476 265 70 211 219 62 226 178 224
1744 1696 960 1648 1480 1488 1280 1904 1688 1771 389 302 379 103 204 263 93 471 193 224
1648 1888 2032 1248 1328 1392 1216 1856 1512 780 740 281 278 113 626 240 39 258 185 224
1408 2064 1904 1152 1216 1312 1008 1248 1344 958 320 469 481 64 194 209 46 219 175 224
1472 1696 1760 1648 1672 1664 1152 1520 1288 1148 430 570 351 78 226 211 173 282 170 224
1680 2144 1568 1488 1456 1504 1648 1968 1408 897 474 381 288 103 230 254 83 269 198 224
1280 1344 2016 1488 1600 1904 1040 1312 1696 1072 1120 222 1050 82 176 200 94 660 211 224
1648 1600 2096 1488 1432 1232 992 1456 1304 1039 446 495 277 53 196 215 67 232 178 224
1520 1696 1856 1488 1144 1664 1440 1648 1792 1076 319 493 1806 101 218 230 59 650 204 224
1808 1712 1808 1440 1088 1232 784 848 1424 921 420 166 338 84 194 240 135 250 170 224
1648 1648 1648 1536 1152 1360 1056 1808 1312 779 371 282 252 65 176 234 55 255 217 224
1168 1664 1648 1264 1272 1088 672 1504 1360 724 377 544 348 163 199 237 90 338 193 224
1792 1664 1808 1328 1352 1568 960 1104 1176 797 330 339 250 70 196 198 65 162 194 224
2128 1776 1776 1344 1440 1312 1472 1408 1472 1080 361 408 319 55 553 196 63 259 183 224
1360 1664 1648 1472 1416 1312 1696 1968 1264 1130 399 618 340 97 742 266 33 194 187 224
1632 2400 1584 1136 1312 1152 1152 1744 1328 617 857 323 242 49 178 232 65 307 170 224
1408 1600 1648 1488 1560 1696 1040 1536 1424 497 454 567 277 56 185 219 47 198 173 224
2880 1408 1808 1616 1536 1408 1840 2192 1528 968 361 622 294 62 684 289 106 677 205 224
1744 1520 1664 1600 1600 1600 1264 1440 1432 868 423 793 274 230 149 165 75 174 189 225
2080 1280 1360 1680 1600 1504 1280 1600 1576 564 914 330 270 229 150 185 90 196 179 225
2240 1456 1600 1840 1680 1520 1680 1440 1640 336 465 852 270 196 170 155 85 201 210 225
1840 1616 1520 1760 1608 1456 1200 1280 1600 442 596 411 266 186 155 160 131 210 176 225
1664 960 1232 1744 1432 1344 1264 1344 1504 368 496 556 1940 129 144 164 60 188 159 225
1744 1664 1664 1344 1472 1360 1264 1664 1704 432 467 407 468 129 139 174 74 174 169 225
1184 2144 1440 1280 1584 1200 1280 1184 1360 388 562 666 392 115 134 154 114 1094 159 225
1760 1360 864 1360 1312 1520 1360 1424 1512 189 562 339 253 145 139 154 100 164 169 225
1664 1664 1520 1424 1576 976 1120 1680 1112 254 299 696 293 61 145 169 69 199 170 225
1120 1280 1504 1184 1480 1280 1200 1440 1624 672 303 722 414 109 130 159 70 159 159 225
1200 1744 1280 1760 1632 1200 1344 1280 1432 793 489 448 448 65 144 145 95 159 154 225
1504 1360 1120 1360 1272 1440 1280 1424 1472 329 384 343 209 384 149 179 90 209 140 225
2080 1360 1504 1728 1560 1184 1280 1040 1672 219 737 248 221 124 150 139 125 229 159 225
1680 1680 1520 1440 1312 1360 1264 1360 1392 299 653 324 244 155 139 155 109 359 180 225
1840 1344 1760 1344 1312 1424 1200 1504 1520 184 345 418 215 119 135 169 359 200 174 225
1232 1296 880 1216 1176 1296 1056 1008 1168 309 551 477 297 158 186 437 143 317 162 1225
912 1168 1056 1616 1272 1248 896 1120 1080 410 236 401 280 146 281 442 141 263 160 1225
1056 1008 1056 1296 944 1136 1088 1248 1128 324 228 443 400 488 200 178 113 243 145 1225
1264 1088 1072 1168 1240 1232 1072 1280 1048 305 202 302 244 167 178 172 98 236 138 1225
1088 1248 1024 1232 1312 1168 1312 1424 1208 294 202 321 256 155 184 179 115 511 162 1225
1472 1056 2000 1024 1360 1184 912 1168 1344 97 1256 1450 1123 701 158 172 164 391 130 1225
1072 672 1168 1040 1368 1040 1040 1056 1296 139 1220 455 923 264 165 165 105 326 163 1225
1184 1600 1200 1200 1320 1040 1040 1056 1064 289 1559 264 487 265 164 166 131 563 129 1225
1056 1440 1072 1584 1560 1072 1024 1456 1496 263 1090 296 1130 753 197 165 105 391 165 1225
1120 1056 1152 1488 1488 1040 1488 1152 1328 227 500 687 627 329 199 139 125 792 165 1225

